0.000000	23.000000
5.134522	23.000000
10.287029	23.000000
15.423517	23.000000
20.576187	23.000000
25.726708	23.000000
30.879128	24.000000
36.016089	24.000000
41.182165	24.000000
46.319119	24.000000
51.486028	25.000000
56.621949	25.000000
61.775099	26.000000
66.928066	26.000000
72.077940	27.000000
77.215362	27.000000
82.365982	28.000000
87.518008	29.000000
92.670313	30.000000
97.806762	31.000000
102.959983	32.000000
108.094241	33.000000
113.246592	34.000000
118.398060	35.000000
123.534050	36.000000
128.703313	37.000000
133.856174	38.000000
139.006683	39.000000
144.238550	40.000000
149.376509	41.000000
154.528671	42.000000
159.662070	43.000000
164.814082	44.000000
169.967865	45.000000
175.102781	46.000000
180.255870	47.000000
185.406313	48.000000
190.544672	50.000000
195.694735	51.000000
200.846282	53.000000
205.983426	54.000000
211.134144	55.000000
216.286637	56.000000
221.424742	57.000000
226.575667	58.000000
231.726315	59.000000
236.862648	60.000000
242.014472	61.000000
247.184633	62.000000
252.334747	62.000000
257.486144	63.000000
262.624242	64.000000
267.774620	65.000000
272.926669	65.000000
278.094105	66.000000
283.247637	67.000000
288.382895	67.000000
293.534310	68.000000
298.687922	68.000000
303.823866	69.000000
308.974367	69.000000
314.126804	70.000000
319.264682	70.000000
324.430734	70.000000
329.566548	71.000000
334.704561	71.000000
339.854511	72.000000
345.006280	72.000000
350.176749	72.000000
355.328751	73.000000
360.462832	73.000000
365.616230	73.000000
370.768558	73.000000
375.919250	74.000000
381.071486	74.000000
386.222742	74.000000
391.374263	74.000000
396.528402	74.000000
401.679354	75.000000
406.814850	75.000000
411.966901	75.000000
417.103161	75.000000
422.254734	75.000000
427.422902	76.000000
432.575554	76.000000
437.726812	76.000000
442.863922	76.000000
448.014236	76.000000
453.166742	76.000000
458.303549	76.000000
463.456115	76.000000
468.623211	76.000000
473.774285	76.000000
478.943274	77.000000
484.096608	77.000000
489.230342	77.000000
494.384741	77.000000
499.536132	77.000000
504.672007	77.000000
509.824512	77.000000
514.974323	77.000000
520.141818	77.000000
525.278805	77.000000
530.414643	77.000000
535.551561	77.000000
540.703771	77.000000
545.856415	77.000000
550.990887	77.000000
556.142919	77.000000
561.294353	77.000000
566.464214	77.000000
571.614952	77.000000
576.750826	77.000000
581.918369	77.000000
587.072773	77.000000
592.223516	77.000000
597.406298	77.000000
602.542311	77.000000
607.696671	77.000000
612.832041	77.000000
617.982161	77.000000
623.134498	77.000000
628.270790	77.000000
633.424041	78.000000
638.575579	78.000000
643.712220	78.000000
648.862575	78.000000
654.030309	78.000000
659.183975	79.000000
664.334439	79.000000
669.471612	79.000000
674.622575	79.000000
679.774632	80.000000
684.926801	80.000000
690.062446	81.000000
695.214413	81.000000
700.352813	82.000000
705.504128	83.000000
710.672302	83.000000
715.822950	84.000000
720.975149	85.000000
726.144244	86.000000
731.278874	87.000000
736.430860	88.000000
741.599059	88.000000
746.750317	89.000000
751.918932	90.000000
757.102276	91.000000
762.238450	92.000000
767.390676	93.000000
772.544268	94.000000
777.678998	95.000000
782.848063	96.000000
788.000056	97.000000
793.150384	98.000000
798.318399	99.000000
803.472847	100.000000
808.638516	101.000000
813.790881	101.000000
818.958954	102.000000
824.126302	103.000000
829.278921	104.000000
834.430493	104.000000
839.568490	105.000000
844.750374	106.000000
849.888438	106.000000
855.038482	107.000000
860.222504	107.000000
865.361039	108.000000
870.513168	108.000000
875.646999	109.000000
880.798941	109.000000
885.968477	109.000000
891.120294	110.000000
896.270968	110.000000
901.408653	110.000000
906.574616	111.000000
911.726364	111.000000
916.879664	111.000000
922.048700	112.000000
927.199754	112.000000
932.366907	112.000000
937.518891	112.000000
942.672462	112.000000
947.807141	113.000000
952.990382	113.000000
958.142779	113.000000
963.281004	113.000000
968.415131	113.000000
973.568996	113.000000
978.719132	113.000000
983.905202	114.000000
989.056406	114.000000
994.207130	114.000000
999.360168	114.000000
1004.494383	114.000000
1009.647067	114.000000
1014.798643	114.000000
1019.934481	114.000000
1025.088983	114.000000
1030.238434	114.000000
1035.391996	114.000000
1040.528201	114.000000
1045.678686	114.000000
1050.817028	114.000000
1055.969039	114.000000
1061.150580	114.000000
1066.302760	115.000000
1071.455654	115.000000
1076.622898	115.000000
1081.774535	115.000000
1086.926896	115.000000
1092.080100	115.000000
1097.215510	116.000000
1102.366925	116.000000
1107.536629	116.000000
1112.687066	117.000000
1117.856730	117.000000
1123.007149	117.000000
1128.144538	118.000000
1133.294507	118.000000
1138.464201	119.000000
1143.614883	120.000000
1148.783945	120.000000
1153.935356	121.000000
1159.088314	122.000000
1164.222475	123.000000
1169.376984	123.000000
1174.542550	124.000000
1179.696650	125.000000
1184.864298	126.000000
1190.016657	127.000000
1195.168578	128.000000
1200.303001	129.000000
1205.456598	130.000000
1210.623320	131.000000
1215.775179	132.000000
1220.944525	133.000000
1226.096420	133.000000
1231.248010	134.000000
1236.384732	135.000000
1241.536922	136.000000
1246.704352	137.000000
1251.856750	138.000000
1256.991205	138.000000
1262.143037	139.000000
1267.296104	140.000000
1272.430926	140.000000
1277.584623	141.000000
1282.735128	141.000000
1287.870786	142.000000
1293.022506	142.000000
1298.175761	143.000000
1303.311910	143.000000
1308.465127	144.000000
1313.617112	144.000000
1318.768423	144.000000
1323.903069	144.000000
1329.055094	145.000000
1334.192386	145.000000
1339.344374	145.000000
1344.513263	145.000000
1349.678527	146.000000
1354.831328	146.000000
1360.000028	146.000000
1365.150721	146.000000
1370.318964	147.000000
1375.471913	147.000000
1380.624668	147.000000
1385.791085	147.000000
1390.945272	147.000000
1396.113425	147.000000
1401.263694	147.000000
1406.415251	147.000000
1411.550951	147.000000
1416.704551	147.000000
1421.839406	147.000000
1426.991089	147.000000
1432.159362	147.000000
1437.312646	147.000000
1442.478748	147.000000
1447.647160	148.000000
1452.831123	148.000000
1457.983973	148.000000
1463.119121	148.000000
1468.287292	148.000000
1473.438582	148.000000
1478.592138	148.000000
1483.743113	148.000000
1488.879170	149.000000
1494.046782	149.000000
1499.200390	149.000000
1504.367042	149.000000
1509.520621	150.000000
1514.688277	150.000000
1519.840500	151.000000
1524.991436	151.000000
1530.128198	152.000000
1535.279417	152.000000
1540.447340	153.000000
1545.599817	154.000000
1550.766824	155.000000
1555.919498	155.000000
1561.088499	156.000000
1566.254889	157.000000
1571.391118	158.000000
1576.528026	159.000000
1581.679358	160.000000
1586.847288	161.000000
1592.000504	162.000000
1597.151100	163.000000
1602.287216	163.000000
1607.455355	164.000000
1612.607122	165.000000
1617.775298	166.000000
1622.928502	167.000000
1628.079445	168.000000
1633.247524	169.000000
1638.415435	169.000000
1643.582746	170.000000
1648.719389	171.000000
1653.856274	171.000000
1659.007287	172.000000
1664.175963	172.000000
1669.327973	173.000000
1674.496735	173.000000
1679.646751	174.000000
1684.816245	174.000000
1689.967134	175.000000
1695.134792	175.000000
1700.287206	175.000000
1705.456356	176.000000
1710.623184	176.000000
1715.793346	176.000000
1720.959015	176.000000
1726.095126	177.000000
1731.263361	177.000000
1736.414948	177.000000
1741.582787	177.000000
1746.737000	177.000000
1751.904753	177.000000
1757.070977	178.000000
1762.239203	178.000000
1767.424474	178.000000
1772.574830	178.000000
1777.711457	178.000000
1782.880872	178.000000
1788.031363	178.000000
1793.184680	178.000000
1798.335458	178.000000
1803.473402	178.000000
1808.623402	178.000000
1813.791401	178.000000
1818.943361	178.000000
1824.095280	178.000000
1829.231439	178.000000
1834.383855	178.000000
1839.552618	179.000000
1844.703135	179.000000
1849.856828	179.000000
1854.991091	179.000000
1860.159638	179.000000
1865.329196	180.000000
1870.479526	180.000000
1875.630866	181.000000
1880.800363	181.000000
1885.952694	181.000000
1891.102942	182.000000
1896.255113	183.000000
1901.408929	183.000000
1906.559476	184.000000
1911.728945	185.000000
1916.879198	186.000000
1922.048470	186.000000
1927.232636	187.000000
1932.384125	188.000000
1937.520057	189.000000
1942.688700	190.000000
1947.841456	191.000000
1952.992692	192.000000
1958.159813	193.000000
1963.328236	194.000000
1968.496801	195.000000
1973.647578	195.000000
1978.816365	196.000000
1983.983162	197.000000
1989.135525	198.000000
1994.271602	199.000000
1999.408968	199.000000
2004.575768	200.000000
2009.760360	201.000000
2014.928246	201.000000
2020.095256	202.000000
2025.280359	203.000000
2030.416150	203.000000
2035.569098	203.000000
2040.735181	204.000000
2045.904140	204.000000
2051.056582	204.000000
2056.224946	205.000000
2061.376119	205.000000
2066.545397	205.000000
2071.696841	206.000000
2076.864970	206.000000
2082.015611	206.000000
2087.169356	206.000000
2092.335652	206.000000
2097.504781	206.000000
2102.655193	207.000000
2107.809082	207.000000
2112.975499	207.000000
2118.144397	207.000000
2123.327663	207.000000
2128.465326	207.000000
2133.630785	207.000000
2138.817122	207.000000
2143.983132	207.000000
2149.151080	207.000000
2154.303665	207.000000
2159.472976	207.000000
2164.641609	207.000000
2169.791539	207.000000
2174.959797	207.000000
2180.095183	207.000000
2185.247335	208.000000
2190.384148	208.000000
2195.535813	208.000000
2200.688530	208.000000
2205.825485	208.000000
2210.990930	209.000000
2216.158942	209.000000
2221.328717	210.000000
2226.480706	210.000000
2231.631609	211.000000
2236.783802	211.000000
2241.952780	212.000000
2247.120815	213.000000
2252.271544	213.000000
2257.423401	214.000000
2262.590999	215.000000
2267.759195	216.000000
2272.911702	217.000000
2278.078849	217.000000
2283.233552	218.000000
2288.384896	219.000000
2293.521307	220.000000
2298.688858	221.000000
2303.840345	222.000000
2309.024210	223.000000
2314.159075	224.000000
2319.328690	224.000000
2324.480841	225.000000
2329.647632	226.000000
2334.817069	227.000000
2339.969154	228.000000
2345.119377	228.000000
2350.271583	229.000000
2355.441702	229.000000
2360.609479	230.000000
2365.759984	230.000000
2370.912927	231.000000
2376.048367	231.000000
2381.215521	232.000000
2386.367508	232.000000
2391.521684	233.000000
2396.688706	233.000000
2401.840622	233.000000
2407.007177	233.000000
2412.176323	233.000000
2417.328197	234.000000
2422.480665	234.000000
2427.631717	234.000000
2432.767662	234.000000
2437.919139	234.000000
2443.071723	234.000000
2448.207782	234.000000
2453.375898	234.000000
2458.528393	234.000000
2463.695221	234.000000
2468.863037	234.000000
2474.048348	234.000000
2479.199758	234.000000
2484.335170	235.000000
2489.487278	235.000000
2494.641446	235.000000
2499.776937	235.000000
2504.929605	235.000000
2510.079209	235.000000
2515.215898	235.000000
2520.368269	235.000000
2525.536508	236.000000
2530.688725	236.000000
2535.840338	236.000000
2540.976434	237.000000
2546.128989	237.000000
2551.280777	238.000000
2556.416066	238.000000
2561.567345	239.000000
2566.721013	239.000000
2571.855799	240.000000
2577.007787	241.000000
2582.160571	241.000000
2587.313010	242.000000
2592.465651	243.000000
2597.615350	244.000000
2602.783696	245.000000
2607.935873	245.000000
2613.103477	246.000000
2618.256828	247.000000
2623.423796	248.000000
2628.576899	249.000000
2633.729074	250.000000
2638.865252	250.000000
2644.015202	251.000000
2649.185790	252.000000
2654.336273	252.000000
2659.505044	253.000000
2664.655370	253.000000
2669.809405	254.000000
2674.959969	255.000000
2680.112583	255.000000
2685.280828	255.000000
2690.431952	256.000000
2695.583496	256.000000
2700.751569	256.000000
2705.904713	256.000000
2711.055962	257.000000
2716.208118	257.000000
2721.345742	257.000000
2726.497613	257.000000
2731.664474	257.000000
2736.816261	257.000000
2741.983348	257.000000
2747.151714	257.000000
2752.305849	258.000000
2757.472861	257.000000
2762.623182	258.000000
2767.791513	257.000000
2772.959861	257.000000
2778.113356	257.000000
2783.265095	257.000000
2788.415308	257.000000
2793.552452	257.000000
2798.687881	257.000000
2803.840151	257.000000
2808.993628	257.000000
2814.145244	257.000000
2819.313386	256.000000
2824.479165	256.000000
2829.647938	256.000000
2834.799961	256.000000
2839.969035	256.000000
2845.137170	256.000000
2850.287986	255.000000
2855.455401	255.000000
2860.609794	255.000000
2865.775965	255.000000
2870.928189	255.000000
2876.096200	254.000000
2881.233533	254.000000
2886.415778	254.000000
2891.552106	254.000000
2896.704378	253.000000
2901.840030	253.000000
2906.993967	253.000000
2912.160767	253.000000
2917.327933	252.000000
2922.480700	252.000000
2927.631789	252.000000
2932.767386	252.000000
2937.920173	251.000000
2943.071676	251.000000
2948.209989	251.000000
2953.392084	251.000000
2958.528863	250.000000
2963.681957	250.000000
2968.831861	250.000000
2973.967899	250.000000
2979.120210	249.000000
2984.271450	249.000000
2989.408209	249.000000
2994.560236	249.000000
2999.713085	248.000000
3004.879580	248.000000
3010.033198	248.000000
3015.168042	248.000000
3020.320622	248.000000
3025.472069	248.000000
3030.623333	248.000000
3035.759604	248.000000
3040.911642	248.000000
3046.048609	248.000000
3051.200136	248.000000
3056.369929	248.000000
3061.521582	248.000000
3066.671757	248.000000
3071.809446	248.000000
3076.959742	248.000000
3082.128217	248.000000
3087.281035	248.000000
3092.432181	249.000000
3097.568221	249.000000
3102.719930	249.000000
3107.872241	249.000000
3113.009982	249.000000
3118.176287	250.000000
3123.329896	250.000000
3128.480050	250.000000
3133.616040	250.000000
3138.768281	250.000000
3143.921300	250.000000
3149.056098	250.000000
3154.209087	251.000000
3159.376867	251.000000
3164.528804	251.000000
3169.680145	251.000000
3174.816453	251.000000
3179.969069	251.000000
3185.120282	251.000000
3190.256253	251.000000
3195.423627	251.000000
3200.576237	251.000000
3205.727457	251.000000
3210.879630	251.000000
3216.016169	251.000000
3221.169177	251.000000
3226.337306	250.000000
3231.488176	250.000000
3236.640290	250.000000
3241.776972	250.000000
3246.928229	250.000000
3252.095519	250.000000
3257.248090	250.000000
3262.416185	250.000000
3267.568239	249.000000
3272.722338	249.000000
3277.873816	249.000000
3283.056185	250.000000
3288.209589	250.000000
3293.343688	250.000000
3298.497070	250.000000
3303.648180	250.000000
3308.800663	250.000000
3313.935700	251.000000
3319.088254	251.000000
3324.225549	252.000000
3329.378191	253.000000
3334.544925	254.000000
3339.696613	255.000000
3344.849178	256.000000
3349.986188	257.000000
3355.138228	258.000000
3360.304250	260.000000
3365.456110	262.000000
3370.608930	263.000000
3375.778204	265.000000
3380.944046	267.000000
3386.114114	268.000000
3391.280943	270.000000
3396.448215	272.000000
3401.584259	274.000000
3406.738334	276.000000
3411.872849	278.000000
3417.025088	280.000000
3422.210178	281.000000
3427.359677	283.000000
3432.514106	285.000000
3437.665577	286.000000
3442.833270	288.000000
3448.000895	289.000000
3453.168363	290.000000
3458.353454	292.000000
3463.519765	293.000000
3468.672256	294.000000
3473.825219	295.000000
3478.961333	296.000000
3484.113301	296.000000
3489.281462	297.000000
3494.447787	298.000000
3499.599472	298.000000
3504.751587	299.000000
3509.903662	300.000000
3515.040779	300.000000
3520.193093	300.000000
3525.345503	301.000000
3530.482275	301.000000
3535.631928	302.000000
3540.783605	302.000000
3545.921381	302.000000
3551.072290	302.000000
3556.225642	302.000000
3561.359954	302.000000
3566.514310	302.000000
3571.666296	303.000000
3576.817057	303.000000
3581.952738	303.000000
3587.106061	303.000000
3592.239872	303.000000
3597.409489	303.000000
3602.591977	303.000000
3607.730434	304.000000
3612.879663	304.000000
3618.033372	304.000000
3623.168279	304.000000
3628.321747	305.000000
3633.472118	305.000000
3638.608889	306.000000
3643.760376	306.000000
3648.913134	307.000000
3654.063756	308.000000
3659.216571	308.000000
3664.368383	309.000000
3669.520510	310.000000
3674.672487	311.000000
3679.841793	312.000000
3684.993762	313.000000
3690.144310	315.000000
3695.281297	316.000000
3700.449568	317.000000
3705.600098	318.000000
3710.768121	320.000000
3715.922315	321.000000
3721.072386	323.000000
3726.239634	324.000000
3731.409060	325.000000
3736.561520	327.000000
3741.727893	328.000000
3746.880382	329.000000
3752.016650	331.000000
3757.168520	332.000000
3762.338025	333.000000
3767.503829	334.000000
3772.656408	335.000000
3777.825169	336.000000
3782.993574	337.000000
3788.144462	338.000000
3793.312491	339.000000
3798.465920	340.000000
3803.633133	341.000000
3808.783957	341.000000
3813.936511	342.000000
3819.106089	343.000000
3824.288735	343.000000
3829.424543	344.000000
3834.578401	344.000000
3839.746274	345.000000
3844.895961	345.000000
3850.064815	345.000000
3855.216560	346.000000
3860.384910	346.000000
3865.538339	346.000000
3870.703864	347.000000
3875.855837	347.000000
3880.994106	348.000000
3886.146207	348.000000
3891.313736	348.000000
3896.465558	349.000000
3901.616383	349.000000
3906.768994	349.000000
3911.935682	350.000000
3917.071713	350.000000
3922.208537	351.000000
3927.346478	352.000000
3932.497190	352.000000
3937.632563	353.000000
3942.785722	354.000000
3947.953736	355.000000
3953.106025	355.000000
3958.255846	356.000000
3963.393364	357.000000
3968.561482	358.000000
3973.712073	359.000000
3978.881517	361.000000
3984.032037	362.000000
3989.185822	363.000000
3994.351912	364.000000
3999.506397	365.000000
4004.673354	366.000000
4009.825848	368.000000
4014.961531	369.000000
4020.113360	370.000000
4025.280380	371.000000
4030.448345	372.000000
4035.600740	373.000000
4040.754351	374.000000
4045.920373	375.000000
4051.088540	377.000000
4056.240438	377.000000
4061.408476	378.000000
4066.561489	379.000000
4071.712305	380.000000
4076.880585	381.000000
4082.032617	382.000000
4087.185379	383.000000
4092.320133	383.000000
4097.472199	384.000000
4102.641860	385.000000
4107.808778	385.000000
4112.978354	386.000000
4118.127951	387.000000
4123.296710	387.000000
4128.465293	388.000000
4133.600347	388.000000
4138.768336	389.000000
4143.922593	389.000000
4149.088525	390.000000
4154.255963	390.000000
4159.408863	391.000000
4164.578573	392.000000
4169.729105	392.000000
4174.881782	393.000000
4180.016974	393.000000
4185.168736	394.000000
4190.338581	394.000000
4195.489242	395.000000
4200.641912	396.000000
4205.777728	396.000000
4210.927936	397.000000
4216.098447	398.000000
4221.264715	399.000000
4226.416668	399.000000
4231.568540	400.000000
4236.720178	401.000000
4241.856829	402.000000
4247.010622	403.000000
4252.176605	404.000000
4257.328005	405.000000
4262.480446	406.000000
4267.616483	407.000000
4272.785661	408.000000
4277.936306	409.000000
4283.088166	410.000000
4288.225882	411.000000
4293.376045	412.000000
4298.528758	413.000000
4303.664495	414.000000
4308.816691	415.000000
4313.968428	415.000000
4319.106771	416.000000
4324.256611	417.000000
4329.424878	418.000000
4334.578690	419.000000
4339.728685	420.000000
4344.866579	421.000000
4350.018308	422.000000
4355.169127	422.000000
4360.304768	423.000000
4365.456261	424.000000
4370.624498	425.000000
4375.778666	425.000000
4380.944193	426.000000
4386.096834	427.000000
4391.248122	428.000000
4396.384623	428.000000
4401.536186	429.000000
4406.688749	430.000000
4411.825559	430.000000
4416.976332	431.000000
4422.127986	432.000000
4427.266299	432.000000
4432.418635	433.000000
4437.570084	434.000000
4442.706612	434.000000
4447.856817	435.000000
4453.024606	436.000000
4458.194233	437.000000
4463.343919	437.000000
4468.496679	438.000000
4473.634361	439.000000
4478.784378	440.000000
4483.952645	440.000000
4489.106782	441.000000
4494.272362	442.000000
4499.426012	443.000000
4504.593644	444.000000
4509.760766	444.000000
4514.913796	445.000000
4520.064497	446.000000
4525.233106	447.000000
4530.384911	448.000000
4535.536794	449.000000
4540.673517	449.000000
4545.826377	450.000000
4550.977929	451.000000
4556.112700	452.000000
4561.266815	453.000000
4566.416272	454.000000
4571.553701	455.000000
4576.722946	455.000000
4581.872238	456.000000
4587.041468	457.000000
4592.192869	458.000000
4597.344890	459.000000
4602.480183	460.000000
4607.633947	460.000000
4612.784740	461.000000
4617.920653	462.000000
4623.072930	463.000000
4628.226397	464.000000
4633.362866	464.000000
4638.514344	465.000000
4643.665340	466.000000
4648.801895	467.000000
4653.954165	468.000000
4659.106057	468.000000
4664.273302	469.000000
4669.426320	470.000000
4674.560308	471.000000
4679.712807	471.000000
4684.866064	472.000000
4690.000479	473.000000
4695.154400	474.000000
4700.306406	475.000000
4705.440845	475.000000
4710.593773	476.000000
4715.744432	477.000000
4720.881049	478.000000
4726.032868	478.000000
4731.184793	479.000000
4736.321703	480.000000
4741.474007	481.000000
4746.641365	482.000000
4751.793674	482.000000
4756.961460	483.000000
4762.112881	484.000000
4767.264278	485.000000
4772.400457	485.000000
4777.553282	486.000000
4782.720172	487.000000
4787.872525	488.000000
4793.010212	489.000000
4798.160356	489.000000
4803.314850	490.000000
4808.449090	491.000000
4813.602833	492.000000
4818.752773	493.000000
4823.890825	493.000000
4829.040786	494.000000
4834.192997	495.000000
4839.328684	496.000000
4844.513687	497.000000
4849.649032	497.000000
4854.800783	498.000000
4859.952980	499.000000
4865.088391	500.000000
4870.256873	501.000000
4875.408135	501.000000
4880.561544	502.000000
4885.730482	503.000000
4890.880910	504.000000
4896.049037	505.000000
4901.202142	505.000000
4906.369487	506.000000
4911.521956	507.000000
4916.673964	508.000000
4921.809587	509.000000
4926.961436	509.000000
4932.096878	510.000000
4937.250192	511.000000
4942.434344	512.000000
4947.568708	513.000000
4952.721808	513.000000
4957.858903	514.000000
4963.009501	515.000000
4968.178546	516.000000
4973.328531	517.000000
4978.480429	517.000000
4983.649866	518.000000
4988.800883	519.000000
4993.938328	520.000000
4999.089169	520.000000
5004.240588	521.000000
5009.409020	522.000000
5014.562105	523.000000
5019.696642	524.000000
5024.848966	524.000000
5030.001434	525.000000
5035.138078	525.000000
5040.288820	526.000000
5045.441479	526.000000
5050.577743	526.000000
5055.729550	527.000000
5060.897010	527.000000
5066.048576	527.000000
5071.184444	527.000000
5076.338849	527.000000
5081.506180	527.000000
5086.658107	527.000000
5091.809568	527.000000
5096.946437	527.000000
5102.098214	526.000000
5107.250221	526.000000
5112.384982	526.000000
5117.537885	526.000000
5122.688564	525.000000
5127.825236	525.000000
5132.978341	525.000000
5138.147093	525.000000
5143.298386	524.000000
5148.466246	524.000000
5153.616804	524.000000
5158.784990	524.000000
5163.938887	524.000000
5169.089225	523.000000
5174.226424	523.000000
5179.378716	523.000000
5184.530048	523.000000
5189.666260	523.000000
5194.835206	523.000000
5199.986176	523.000000
5205.137121	523.000000
5210.322362	523.000000
5215.473244	524.000000
5220.625040	524.000000
5225.794362	524.000000
5230.946531	524.000000
5236.098125	524.000000
5241.233349	524.000000
5246.386972	524.000000
5251.552802	525.000000
5256.705157	525.000000
5261.856782	525.000000
5266.992711	525.000000
5272.145292	525.000000
5277.298642	525.000000
5282.432540	526.000000
5287.587109	526.000000
5292.737085	526.000000
5297.874894	526.000000
5303.040589	526.000000
5308.194239	526.000000
5313.344463	526.000000
5318.513593	526.000000
5323.666145	526.000000
5328.800977	526.000000
5333.953600	526.000000
5339.106815	526.000000
5344.240982	526.000000
5349.394266	526.000000
5354.545318	526.000000
5359.680662	526.000000
5364.834258	526.000000
5370.001256	526.000000
5375.154647	526.000000
5380.306592	525.000000
5385.441230	525.000000
5390.592778	525.000000
5395.760703	525.000000
5400.913265	525.000000
5406.065341	525.000000
5411.201159	525.000000
5416.352880	525.000000
5421.522228	525.000000
5426.674423	525.000000
5431.825266	525.000000
5436.962287	525.000000
5442.112891	525.000000
5447.281101	525.000000
5452.434230	524.000000
5457.586194	525.000000
5462.721282	524.000000
5467.874003	525.000000
5473.025084	525.000000
5478.161435	524.000000
5483.313385	525.000000
5488.465619	525.000000
5493.600621	525.000000
5498.754529	525.000000
5503.888528	525.000000
5509.043211	525.000000
5514.193647	525.000000
5519.328676	525.000000
5524.481229	525.000000
5529.633868	525.000000
5534.800716	525.000000
5539.954254	525.000000
5545.089407	525.000000
5550.240816	525.000000
5555.410492	525.000000
5560.561282	525.000000
5565.730390	525.000000
5570.882589	525.000000
5576.035196	525.000000
5581.169162	525.000000
5586.321203	525.000000
5591.474315	525.000000
5596.611141	525.000000
5601.761396	525.000000
5606.913138	525.000000
5612.049210	525.000000
5617.200790	525.000000
5622.352787	525.000000
5627.490052	525.000000
5632.641930	525.000000
5637.794760	525.000000
5642.928901	525.000000
5648.098430	525.000000
5653.248754	525.000000
5658.419127	525.000000
5663.569397	525.000000
5668.738527	525.000000
5673.888695	525.000000
5679.057343	525.000000
5684.208915	525.000000
5689.362032	525.000000
5694.497086	525.000000
5699.666021	525.000000
5704.816804	525.000000
5709.968837	525.000000
5715.138939	525.000000
5720.288610	525.000000
5725.458610	525.000000
5730.609168	525.000000
5735.778677	525.000000
5740.929032	525.000000
5746.067117	525.000000
5751.216998	525.000000
5756.370702	525.000000
5761.505301	525.000000
5766.658444	525.000000
5771.809300	525.000000
5776.947129	525.000000
5782.099157	525.000000
5787.250295	525.000000
5792.384922	525.000000
5797.537147	525.000000
5802.706079	525.000000
5807.859018	525.000000
5813.010602	525.000000
5818.144735	525.000000
5823.297521	525.000000
5828.451037	525.000000
5833.585040	525.000000
5838.736977	525.000000
5843.890427	525.000000
5849.025489	525.000000
5854.177447	525.000000
5859.329138	525.000000
5864.465812	525.000000
5869.616807	525.000000
5874.787022	525.000000
5879.939016	525.000000
5885.106426	525.000000
5890.256913	525.000000
5895.425054	525.000000
5900.579266	525.000000
5905.715292	525.000000
5910.865393	525.000000
5916.017372	525.000000
5921.155258	525.000000
5926.306902	525.000000
5931.459214	525.000000
5936.592770	525.000000
5941.746900	525.000000
5946.897017	525.000000
5952.033337	525.000000
5957.185294	525.000000
5962.352981	525.000000
5967.506147	525.000000
5972.658911	525.000000
5977.811583	525.000000
5982.962861	525.000000
5988.114629	525.000000
5993.265560	525.000000
5998.434767	525.000000
6003.602696	525.000000
6008.753490	525.000000
6013.905561	525.000000
6019.041467	525.000000
6024.193438	525.000000
6029.361498	525.000000
6034.514642	525.000000
6039.666114	525.000000
6044.833051	525.000000
6049.986474	525.000000
6055.123415	525.000000
6060.274127	525.000000
6065.440980	525.000000
6070.593947	525.000000
6075.761276	525.000000
6080.914407	525.000000
6086.082843	525.000000
6091.266333	525.000000
6096.403508	525.000000
6101.553298	525.000000
6106.689194	525.000000
6111.841116	525.000000
6117.009478	525.000000
6122.163541	525.000000
6127.313581	525.000000
6132.482636	525.000000
6137.634400	525.000000
6142.770398	525.000000
6147.921347	525.000000
6153.074702	525.000000
6158.243582	525.000000
6163.394834	525.000000
6168.530722	525.000000
6173.681617	525.000000
6178.849534	525.000000
6184.018559	525.000000
6189.169049	525.000000
6194.337098	525.000000
6199.489586	525.000000
6204.658993	525.000000
6209.809033	525.000000
6214.976988	525.000000
6220.130491	525.000000
6225.299014	525.000000
6230.449180	525.000000
6235.617027	525.000000
6240.769686	525.000000
6245.937158	525.000000
6251.090739	525.000000
6256.259489	525.000000
6261.410793	525.000000
6266.562382	525.000000
6271.697059	525.000000
6276.850860	525.000000
6281.985245	525.000000
6287.137881	525.000000
6292.306311	525.000000
6297.459054	525.000000
6302.626646	525.000000
6307.777105	525.000000
6312.945202	525.000000
6318.115304	525.000000
6323.233791	525.000000
6328.387574	525.000000
6333.537935	525.000000
6338.689139	525.000000
6343.825786	525.000000
6348.978564	525.000000
6354.145916	525.000000
6359.297695	525.000000
6364.449237	525.000000
6369.585154	525.000000
6374.739174	525.000000
6379.874066	525.000000
6385.025118	525.000000
6390.194322	525.000000
6395.345361	525.000000
6400.497752	525.000000
6405.633332	525.000000
6410.801122	525.000000
6415.953684	525.000000
6421.106236	525.000000
6426.257082	525.000000
6431.393156	525.000000
6436.561588	525.000000
6441.729456	525.000000
6446.865374	525.000000
6452.017758	525.000000
6457.153664	525.000000
6462.306414	525.000000
6467.457274	525.000000
6472.593755	525.000000
6477.763521	525.000000
6482.914329	525.000000
6488.082739	525.000000
6493.250295	525.000000
6498.434952	525.000000
6503.586298	525.000000
6508.721237	525.000000
6513.873850	525.000000
6519.042775	525.000000
6524.193684	525.000000
6529.345853	525.000000
6534.483716	525.000000
6539.633906	525.000000
6544.785835	525.000000
6549.939737	525.000000
6555.091730	525.000000
6560.243482	525.000000
6565.411701	525.000000
6570.561724	525.000000
6575.729096	525.000000
6580.881753	525.000000
6586.033750	525.000000
6591.169180	525.000000
6596.353094	525.000000
6601.489527	525.000000
6606.658999	525.000000
6611.809719	525.000000
6616.962217	525.000000
6622.130381	525.000000
6627.281004	525.000000
6632.451581	525.000000
6637.602658	525.000000
6642.769532	525.000000
6647.923985	525.000000
6653.059091	525.000000
6658.209112	525.000000
6663.378407	525.000000
6668.529848	525.000000
6673.683012	525.000000
6678.818989	525.000000
6683.985836	525.000000
6689.138062	525.000000
6694.274745	525.000000
6699.411792	525.000000
6704.561577	525.000000
6709.697914	525.000000
6714.850639	525.000000
6720.001220	525.000000
6725.137580	525.000000
6730.291582	525.000000
6735.442999	525.000000
6740.578828	525.000000
6745.729094	525.000000
6750.897465	525.000000
6756.049759	525.000000
6761.219054	525.000000
6766.371378	525.000000
6771.521604	525.000000
6776.657940	525.000000
6781.809728	525.000000
6786.962336	525.000000
6792.098329	525.000000
6797.250622	525.000000
6802.385153	525.000000
6807.538636	525.000000
6812.705867	525.000000
6817.857886	525.000000
6823.011112	525.000000
6828.145606	525.000000
6833.297802	525.000000
6838.451854	525.000000
6843.585722	525.000000
6848.737797	525.000000
6853.889582	525.000000
6859.025593	525.000000
6864.177825	525.000000
6869.330388	525.000000
6874.465911	525.000000
6879.619975	525.000000
6884.769223	525.000000
6889.907958	525.000000
6895.059102	525.000000
6900.209657	525.000000
6905.346900	525.000000
6910.497454	525.000000
6915.649826	525.000000
6920.818943	525.000000
6925.969309	525.000000
6931.106601	525.000000
6936.257971	525.000000
6941.409583	525.000000
6946.563448	525.000000
6951.715762	525.000000
6956.865351	525.000000
6962.002367	525.000000
6967.153630	525.000000
6972.306796	525.000000
6977.458032	525.000000
6982.593656	525.000000
6987.746616	525.000000
6992.897330	525.000000
6998.067127	525.000000
7003.217871	525.000000
7008.353719	525.000000
7013.506060	525.000000
7018.657338	525.000000
7023.810025	525.000000
7028.946720	525.000000
7034.099668	525.000000
7039.233383	525.000000
7044.387171	525.000000
7049.537512	525.000000
7054.673575	525.000000
7059.842822	525.000000
7064.995190	525.000000
7070.145319	525.000000
7075.313935	525.000000
7080.465468	525.000000
7085.617514	525.000000
7090.754138	525.000000
7095.907325	525.000000
7101.057464	525.000000
7106.193658	525.000000
7111.348022	525.000000
7116.482086	525.000000
7121.634150	525.000000
7126.785684	525.000000
7131.921509	525.000000
7137.091558	525.000000
7142.241429	525.000000
7147.393619	525.000000
7152.561682	525.000000
7157.713366	525.000000
7162.866072	525.000000
7168.001204	525.000000
7173.153711	525.000000
7178.306102	525.000000
7183.443158	525.000000
7188.594023	525.000000
7193.747291	525.000000
7198.881637	525.000000
7204.036084	525.000000
7209.188034	525.000000
7214.338170	525.000000
7219.489602	525.000000
7224.641420	525.000000
7229.810137	525.000000
7234.962024	525.000000
7240.114484	525.000000
7245.265994	525.000000
7250.403204	525.000000
7255.553349	525.000000
7260.691490	525.000000
7265.841402	525.000000
7270.993502	525.000000
7276.129631	525.000000
7281.282038	525.000000
7286.452082	525.000000
7291.602015	525.000000
7296.753318	525.000000
7301.890813	525.000000
7307.059450	525.000000
7312.209849	525.000000
7317.363536	525.000000
7322.514077	525.000000
7327.650611	525.000000
7332.804183	525.000000
7337.955313	525.000000
7343.091513	525.000000
7348.243989	525.000000
7353.396053	525.000000
7358.562055	525.000000
7363.715627	525.000000
7368.866742	525.000000
7374.018137	525.000000
7379.170718	525.000000
7384.321526	525.000000
7389.458260	525.000000
7394.610168	525.000000
7399.763581	525.000000
7404.897902	525.000000
7410.050622	525.000000
7415.203268	525.000000
7420.338591	525.000000
7425.490234	525.000000
7430.642756	525.000000
7435.809606	525.000000
7440.963024	525.000000
7446.098690	525.000000
7451.250785	525.000000
7456.401617	525.000000
7461.553677	525.000000
7466.690226	525.000000
7471.842248	525.000000
7476.979168	525.000000
7482.130330	525.000000
7487.282160	525.000000
7492.418200	525.000000
7497.587314	525.000000
7502.740157	525.000000
7507.891463	525.000000
7513.059194	525.000000
7518.210245	525.000000
7523.346389	525.000000
7528.498911	525.000000
7533.651340	525.000000
7538.802841	525.000000
7543.938389	525.000000
7549.090938	525.000000
7554.226136	525.000000
7559.378180	525.000000
7564.531506	525.000000
7569.666772	525.000000
7574.835269	525.000000
7579.988081	525.000000
7585.138164	525.000000
7590.306756	525.000000
7595.459131	525.000000
7600.611253	525.000000
7605.747545	525.000000
7610.900106	525.000000
7616.051085	525.000000
7621.185718	525.000000
7626.338177	525.000000
7631.506743	525.000000
7636.658674	525.000000
7641.809610	525.000000
7646.946468	525.000000
7652.098588	525.000000
7657.266018	525.000000
7662.420365	525.000000
7667.553426	525.000000
7672.691726	525.000000
7677.843644	525.000000
7682.993598	525.000000
7688.148339	525.000000
7693.298343	525.000000
7698.434268	525.000000
7703.588265	525.000000
7708.738438	525.000000
7713.874823	525.000000
7719.027951	525.000000
7724.179444	525.000000
7729.329589	525.000000
7734.465672	525.000000
7739.634565	525.000000
7744.802797	525.000000
7749.955290	525.000000
7755.123074	525.000000
7760.275589	525.000000
7765.443483	525.000000
7770.596007	525.000000
7775.746731	525.000000
7780.881816	525.000000
7786.034103	525.000000
7791.185969	525.000000
7796.321767	525.000000
7801.489739	525.000000
7806.643371	525.000000
7811.795206	525.000000
7816.978869	525.000000
7822.116193	525.000000
7827.265632	525.000000
7832.402384	525.000000
7837.554974	525.000000
7842.721616	525.000000
7847.876313	525.000000
7853.042510	525.000000
7858.193612	525.000000
7863.348008	525.000000
7868.482315	525.000000
7873.634185	525.000000
7878.771506	525.000000
7883.922522	525.000000
7889.075607	525.000000
7894.225924	525.000000
7899.362229	525.000000
7904.531259	525.000000
7909.699631	525.000000
7914.850393	525.000000
7920.003802	525.000000
7925.154623	525.000000
7930.291114	525.000000
7935.443262	525.000000
7940.594342	525.000000
7945.730428	525.000000
7950.884242	525.000000
7956.052437	525.000000
7961.202685	525.000000
7966.370538	525.000000
7971.521836	525.000000
7976.690081	525.000000
7981.875090	525.000000
7987.010167	525.000000
7992.178986	525.000000
7997.346418	525.000000
8002.498077	525.000000
8007.666643	525.000000
8012.818309	525.000000
8017.970360	525.000000
8023.123831	525.000000
8028.258109	525.000000
8033.410932	525.000000
8038.578724	525.000000
8043.745984	525.000000
8048.898082	525.000000
8054.068512	525.000000
8059.219429	525.000000
8064.370498	525.000000
8069.522072	525.000000
8074.658908	525.000000
8079.811681	525.000000
8084.947657	525.000000
8090.082123	525.000000
8095.218487	525.000000
8100.370458	525.000000
8105.506395	525.000000
8110.658177	525.000000
8115.809735	525.000000
8120.946318	525.000000
8126.098315	525.000000
8131.250516	525.000000
8136.388212	525.000000
8141.538367	525.000000
8146.708448	525.000000
8151.859374	525.000000
8157.026130	525.000000
8162.177967	525.000000
8167.348062	525.000000
8172.514373	525.000000
8177.666356	525.000000
8182.834227	525.000000
8187.988577	525.000000
8193.154580	525.000000
8198.306540	525.000000
8203.474505	525.000000
8208.628325	525.000000
8213.778006	525.000000
8218.916050	525.000000
8224.067863	525.000000
8229.218673	525.000000
8234.355975	525.000000
8239.505988	525.000000
8244.658502	525.000000
8249.794360	525.000000
8254.948375	525.000000
8260.083971	525.000000
8265.268340	525.000000
8270.404446	525.000000
8275.555106	525.000000
8280.706806	525.000000
8285.843774	525.000000
8290.994145	525.000000
8296.146164	525.000000
8301.283551	525.000000
8306.434716	525.000000
8311.586665	525.000000
8316.754635	525.000000
8321.906613	525.000000
8327.042706	525.000000
8332.194697	525.000000
8337.362442	525.000000
8342.516564	525.000000
8347.666280	525.000000
8352.803176	525.000000
8357.955119	525.000000
8363.106546	525.000000
8368.243351	525.000000
8373.393878	525.000000
8378.546646	525.000000
8383.682389	525.000000
8388.834658	525.000000
8394.004499	525.000000
8399.155182	525.000000
8404.291159	525.000000
8409.443227	525.000000
8414.594075	525.000000
8419.763680	525.000000
8424.915194	525.000000
8430.050658	525.000000
8435.203985	525.000000
8440.356544	525.000000
8445.490771	525.000000
8450.642715	525.000000
8455.794329	525.000000
8460.931183	525.000000
8466.084024	525.000000
8471.234454	525.000000
8476.370608	525.000000
8481.524631	525.000000
8486.691956	525.000000
8491.841935	525.000000
8496.996735	525.000000
8502.131147	525.000000
8507.283644	525.000000
8512.434647	525.000000
8517.571480	525.000000
8522.740286	525.000000
8527.874105	525.000000
8533.010794	525.000000
8538.163865	525.000000
8543.316761	525.000000
8548.498773	525.000000
8553.650649	525.000000
8558.802799	525.000000
8563.938581	525.000000
8569.091935	525.000000
8574.243546	525.000000
8579.379154	525.000000
8584.530531	525.000000
8589.666502	525.000000
8594.818617	525.000000
8599.986844	525.000000
8605.139677	525.000000
8610.290410	525.000000
8615.442750	525.000000
8620.579848	525.000000
8625.730338	525.000000
8630.883612	525.000000
8636.019621	525.000000
8641.171281	525.000000
8646.324831	525.000000
8651.490714	525.000000
8656.626175	525.000000
8661.778420	525.000000
8666.930341	525.000000
8672.066676	525.000000
8677.234448	525.000000
8682.370254	525.000000
8687.506804	525.000000
8692.658440	525.000000
8697.828584	525.000000
8702.978994	525.000000
8708.132653	525.000000
8713.266802	525.000000
8718.418630	525.000000
8723.588443	525.000000
8728.738544	525.000000
8733.906301	525.000000
8739.060145	525.000000
8744.212284	525.000000
8749.346820	525.000000
8754.499136	525.000000
8759.666947	525.000000
8764.818868	525.000000
8769.956132	525.000000
8775.106441	525.000000
8780.274674	525.000000
8785.428261	525.000000
8790.578405	525.000000
8795.715919	525.000000
8800.866324	525.000000
8806.019681	525.000000
8811.154836	525.000000
8816.322107	525.000000
8821.475702	525.000000
8826.626838	525.000000
8831.795303	525.000000
8836.948330	525.000000
8842.098362	525.000000
8847.234377	525.000000
8852.419014	525.000000
8857.556530	525.000000
8862.708416	525.000000
8867.843320	525.000000
8872.996492	525.000000
8878.163697	525.000000
8883.330364	525.000000
8888.483309	525.000000
8893.634316	525.000000
8898.803495	525.000000
8903.956123	525.000000
8909.106778	525.000000
8914.242742	525.000000
8919.394706	525.000000
8924.546915	525.000000
8929.684313	525.000000
8934.835000	525.000000
8940.003336	525.000000
8945.170229	525.000000
8950.323061	525.000000
8955.490886	525.000000
8960.644015	525.000000
8965.811586	525.000000
8970.962948	525.000000
8976.130409	525.000000
8981.298417	525.000000
8986.452074	525.000000
8991.602861	525.000000
8996.755557	525.000000
9001.890623	525.000000
9007.043081	525.000000
9012.212105	525.000000
9017.378971	525.000000
9022.532161	525.000000
9027.715822	525.000000
9032.851831	525.000000
9038.019389	525.000000
9043.171821	525.000000
9048.338277	525.000000
9053.490894	525.000000
9058.658309	525.000000
9063.828921	525.000000
9068.978997	525.000000
9074.130894	525.000000
9079.268089	525.000000
9084.419046	525.000000
9089.602973	525.000000
9094.739247	525.000000
9099.908700	525.000000
9105.075184	525.000000
9110.226368	525.000000
9115.396070	525.000000
9120.547981	525.000000
9125.699758	525.000000
9130.867012	525.000000
9136.034991	525.000000
9141.186798	525.000000
9146.356805	525.000000
9151.506570	525.000000
9156.676481	525.000000
9161.827945	525.000000
9166.996853	525.000000
9172.146458	525.000000
9177.315084	525.000000
9182.468486	525.000000
9187.619497	525.000000
9192.754961	525.000000
9197.907213	525.000000
9203.075614	525.000000
9208.228986	525.000000
9213.396850	525.000000
9218.548476	525.000000
9223.684606	525.000000
9228.834754	525.000000
9233.986914	525.000000
9239.123541	525.000000
9244.275048	525.000000
9249.410996	525.000000
9254.562979	525.000000
9259.715769	525.000000
9264.899679	525.000000
9270.050992	525.000000
9275.203631	525.000000
9280.372371	525.000000
9285.525183	525.000000
9290.676492	525.000000
9295.828717	525.000000
9300.962743	525.000000
9306.116774	525.000000
9311.252264	525.000000
9316.404729	525.000000
9321.556079	525.000000
9326.691948	525.000000
9331.844479	525.000000
9336.996788	525.000000
9342.146648	525.000000
9347.283106	525.000000
9352.436413	525.000000
9357.587150	525.000000
9362.724254	525.000000
9367.891175	525.000000
9373.043202	525.000000
9378.196388	525.000000
9383.330702	525.000000
9388.483578	525.000000
9393.650481	525.000000
9398.803761	525.000000
9403.972276	525.000000
9409.124177	525.000000
9414.259053	525.000000
9419.410865	525.000000
9424.563764	525.000000
9429.698364	525.000000
9434.884006	525.000000
9440.018305	525.000000
9445.171084	525.000000
9450.339289	525.000000
9455.491153	525.000000
9460.644490	525.000000
9465.781163	525.000000
9470.932211	525.000000
9476.084478	525.000000
9481.218857	525.000000
9486.370485	525.000000
9491.525130	525.000000
9496.660359	525.000000
9501.812488	525.000000
9506.962583	525.000000
9512.116884	525.000000
9517.267183	525.000000
9522.418984	524.000000
9527.571409	524.000000
9532.707098	524.000000
9537.891889	524.000000
9543.027114	523.000000
9548.178771	523.000000
9553.332582	523.000000
9558.468519	523.000000
9563.620556	522.000000
9568.771949	522.000000
9573.906770	522.000000
9579.059039	521.000000
9584.211394	521.000000
9589.364348	520.000000
9594.514531	520.000000
9599.669141	519.000000
9604.819623	519.000000
9609.973194	519.000000
9615.140212	518.000000
9620.290834	518.000000
9625.429091	517.000000
9630.581147	517.000000
9635.732573	516.000000
9640.867904	516.000000
9646.019176	515.000000
9651.155128	515.000000
9656.306826	514.000000
9661.460613	514.000000
9666.626832	513.000000
9671.781113	513.000000
9676.914501	512.000000
9682.066759	512.000000
9687.219269	511.000000
9692.370852	511.000000
9697.507189	510.000000
9702.660584	510.000000
9707.795151	509.000000
9712.947215	509.000000
9718.114699	508.000000
9723.268242	508.000000
9728.435413	507.000000
9733.587071	507.000000
9738.739166	506.000000
9743.874636	506.000000
9749.028693	505.000000
9754.178576	505.000000
9759.316390	504.000000
9764.467278	504.000000
9769.620301	503.000000
9774.756328	503.000000
9779.908226	502.000000
9785.044327	502.000000
9790.195276	501.000000
9795.365438	501.000000
9800.516884	500.000000
9805.667110	500.000000
9810.803098	499.000000
9815.955142	499.000000
9821.123167	498.000000
9826.274695	498.000000
9831.426711	497.000000
9836.564515	497.000000
9841.714840	496.000000
9846.867294	496.000000
9852.003167	495.000000
9857.155032	495.000000
9862.324845	494.000000
9867.475125	494.000000
9872.626799	493.000000
9877.763000	493.000000
9882.916705	492.000000
9888.084198	492.000000
9893.236375	492.000000
9898.371289	491.000000
9903.525167	491.000000
9908.676023	490.000000
9913.812596	490.000000
9918.962910	489.000000
9924.116363	489.000000
9929.251328	488.000000
9934.404646	488.000000
9939.572566	487.000000
9944.724281	487.000000
9949.875390	486.000000
9955.011354	486.000000
9960.163028	485.000000
9965.331109	485.000000
9970.484337	484.000000
9975.634764	484.000000
9980.770617	484.000000
9985.922778	483.000000
9991.075263	483.000000
9996.211416	482.000000
10001.363476	482.000000
10006.530794	481.000000
10011.684886	481.000000
10016.819468	480.000000
10021.972079	480.000000
10027.140402	480.000000
10032.291180	479.000000
10037.442753	479.000000
10042.579094	478.000000
10047.731358	478.000000
10052.883884	477.000000
10058.021449	477.000000
10063.171371	477.000000
10068.323379	476.000000
10073.459198	476.000000
10078.611155	475.000000
10083.763248	475.000000
10088.899967	474.000000
10094.051461	474.000000
10099.220330	473.000000
10104.370727	473.000000
10109.525129	473.000000
10114.659519	472.000000
10119.811942	472.000000
10124.948153	471.000000
10130.130754	471.000000
10135.269037	471.000000
10140.419610	470.000000
10145.571010	470.000000
10150.709442	469.000000
10155.859159	469.000000
10161.027617	469.000000
10166.195127	468.000000
10171.348469	468.000000
10176.501468	467.000000
10181.651589	467.000000
10186.787130	467.000000
10191.939384	466.000000
10197.109035	466.000000
10202.290972	465.000000
10207.428968	465.000000
10212.580384	464.000000
10217.715405	464.000000
10222.867521	464.000000
10228.035453	463.000000
10233.187250	463.000000
10238.340713	463.000000
10243.507274	462.000000
10248.675532	462.000000
10253.828945	461.000000
10258.980457	461.000000
10264.116876	461.000000
10269.266977	460.000000
10274.420631	460.000000
10279.555706	459.000000
10284.706994	459.000000
10289.876652	459.000000
10295.028955	458.000000
10300.163154	458.000000
10305.316513	457.000000
10310.467030	457.000000
10315.604868	457.000000
10320.756904	456.000000
10325.906938	456.000000
10331.045191	456.000000
10336.196898	455.000000
10341.346827	455.000000
10346.515059	454.000000
10351.667153	454.000000
10356.803359	454.000000
10361.955142	453.000000
10367.107735	453.000000
10372.260309	453.000000
10377.396392	452.000000
10382.548717	452.000000
10387.684756	451.000000
10392.835581	451.000000
10398.003115	451.000000
10403.154970	450.000000
10408.324846	450.000000
10413.476375	450.000000
10418.612770	449.000000
10423.763728	449.000000
10428.915968	449.000000
10434.051062	448.000000
10439.203152	448.000000
10444.356385	447.000000
10449.509444	447.000000
10454.659813	447.000000
10459.811566	446.000000
10464.965549	446.000000
10470.115690	446.000000
10475.252745	445.000000
10480.405126	445.000000
10485.556493	445.000000
10490.690911	444.000000
10495.843187	444.000000
10501.013673	444.000000
10506.163126	443.000000
10511.315721	443.000000
10516.452794	442.000000
10521.603787	442.000000
10526.755852	442.000000
10531.891674	441.000000
10537.045181	441.000000
10542.195220	441.000000
10547.331627	440.000000
10552.499582	440.000000
10557.651267	440.000000
10562.803204	439.000000
10567.973593	439.000000
10573.125068	439.000000
10578.260729	438.000000
10583.410850	438.000000
10588.563219	438.000000
10593.699165	437.000000
10598.852121	437.000000
10604.003448	437.000000
10609.140700	436.000000
10614.291033	436.000000
10619.443778	436.000000
10624.580907	435.000000
10629.748292	435.000000
10634.900661	435.000000
10640.051156	434.000000
10645.205830	434.000000
10650.357547	434.000000
10655.507369	433.000000
10660.659009	433.000000
10665.811605	433.000000
10670.947804	432.000000
10676.099474	432.000000
10681.251766	432.000000
10686.387444	431.000000
10691.540408	431.000000
10696.690969	431.000000
10701.828398	430.000000
10707.013165	430.000000
10712.149657	430.000000
10717.299253	430.000000
10722.452959	429.000000
10727.589025	429.000000
10732.740900	429.000000
10737.892871	428.000000
10743.027841	428.000000
10748.181630	428.000000
10753.332637	427.000000
10758.499177	427.000000
10763.651977	427.000000
10768.787731	426.000000
10773.940866	426.000000
10779.091455	426.000000
10784.259557	425.000000
10789.395836	425.000000
10794.548261	425.000000
10799.700329	424.000000
10804.835646	424.000000
10809.988297	424.000000
10815.141755	423.000000
10820.275188	423.000000
10825.427102	423.000000
10830.579950	423.000000
10835.747332	422.000000
10840.899188	422.000000
10846.037106	422.000000
10851.188173	421.000000
10856.341827	421.000000
10861.507256	421.000000
10866.661826	420.000000
10871.795791	420.000000
10876.947757	420.000000
10882.099214	419.000000
10887.251406	419.000000
10892.387960	419.000000
10897.539962	419.000000
10902.676363	418.000000
10907.828570	418.000000
10912.997224	418.000000
10918.147385	417.000000
10923.284435	417.000000
10928.435364	417.000000
10933.587912	416.000000
10938.740922	416.000000
10943.876021	416.000000
10949.028497	415.000000
10954.162943	415.000000
10959.315502	415.000000
10964.469881	415.000000
10969.603500	414.000000
10974.771370	414.000000
10979.924657	414.000000
10985.075817	413.000000
10990.245540	413.000000
10995.395127	413.000000
11000.547467	413.000000
11005.685102	412.000000
11010.835817	412.000000
11015.989076	412.000000
11021.123145	411.000000
11026.275926	411.000000
11031.427852	411.000000
11036.563869	411.000000
11041.716328	410.000000
11046.852972	410.000000
11052.019394	410.000000
11057.171868	409.000000
11062.325702	409.000000
11067.493587	409.000000
11072.643862	408.000000
11077.796284	408.000000
11082.931433	408.000000
11088.084454	408.000000
11093.235685	407.000000
11098.388073	407.000000
11103.524821	407.000000
11108.676481	406.000000
11113.813374	406.000000
11118.965907	406.000000
11124.117057	406.000000
11129.267905	405.000000
11134.419524	405.000000
11139.573072	405.000000
11144.740842	405.000000
11149.892833	404.000000
11155.044790	404.000000
11160.197293	404.000000
11165.331373	403.000000
11170.483982	403.000000
11175.619637	403.000000
11180.771156	403.000000
11185.925245	402.000000
11191.059309	402.000000
11196.213284	402.000000
11201.365314	401.000000
11206.515742	401.000000
11211.651314	401.000000
11216.803338	401.000000
11221.941357	400.000000
11227.093489	400.000000
11232.276926	400.000000
11237.427337	400.000000
11242.579752	399.000000
11247.731924	399.000000
11252.883826	399.000000
11258.019897	398.000000
11263.171453	398.000000
11268.341478	398.000000
11273.493320	398.000000
11278.627493	397.000000
11283.781367	397.000000
11288.931993	397.000000
11294.067914	397.000000
11299.235677	396.000000
11304.387953	396.000000
11309.541834	396.000000
11314.692976	396.000000
11319.827884	395.000000
11324.980101	395.000000
11330.134041	395.000000
11335.268185	394.000000
11340.421235	394.000000
11345.571532	394.000000
11350.739610	394.000000
11355.892045	393.000000
11361.028722	393.000000
11366.179272	393.000000
11371.333187	393.000000
11376.484218	392.000000
11381.636811	392.000000
11386.788122	392.000000
11391.941216	392.000000
11397.075932	391.000000
11402.228957	391.000000
11407.380660	391.000000
11412.518223	391.000000
11417.668910	390.000000
11422.820767	390.000000
11427.988389	390.000000
11433.141162	390.000000
11438.275913	389.000000
11443.428117	389.000000
11448.581329	389.000000
11453.732196	388.000000
11458.884036	388.000000
11464.036148	388.000000
11469.188557	388.000000
11474.341511	387.000000
11479.493129	387.000000
11484.643402	387.000000
11489.795678	387.000000
11494.948146	387.000000
11500.083722	386.000000
11505.236226	386.000000
11510.387560	386.000000
11515.525108	385.000000
11520.677070	385.000000
11525.828667	385.000000
11530.981758	385.000000
11536.133945	384.000000
11541.284115	384.000000
11546.435725	384.000000
11551.588154	384.000000
11556.741366	383.000000
11561.894176	383.000000
11567.044860	383.000000
11572.197077	383.000000
11577.350043	382.000000
11582.483387	382.000000
11587.636391	382.000000
11592.788037	382.000000
11597.926132	381.000000
11603.075563	381.000000
11608.228836	381.000000
11613.364213	381.000000
11618.516206	380.000000
11623.651612	380.000000
11628.820194	380.000000
11634.004377	380.000000
11639.155794	380.000000
11644.294290	379.000000
11649.443955	379.000000
11654.597693	379.000000
11659.733739	378.000000
11664.900116	378.000000
11670.052255	378.000000
11675.203828	378.000000
11680.355891	378.000000
11685.494121	377.000000
11690.646132	377.000000
11695.795449	377.000000
11700.932222	377.000000
11706.084172	376.000000
11711.238242	376.000000
11716.388155	376.000000
11721.541510	376.000000
11726.691762	375.000000
11731.844056	375.000000
11736.980404	375.000000
11742.131893	375.000000
11747.284214	374.000000
11752.420177	374.000000
11757.571759	374.000000
11762.739754	374.000000
11767.891853	373.000000
11773.062370	373.000000
11778.212368	373.000000
11783.379434	373.000000
11788.533460	372.000000
11793.670316	372.000000
11798.820677	372.000000
11803.972265	372.000000
11809.108962	372.000000
11814.260146	371.000000
11819.412369	371.000000
11824.549218	371.000000
11829.716303	371.000000
11834.868390	370.000000
11840.019809	370.000000
11845.174250	370.000000
11850.309410	370.000000
11855.461459	369.000000
11860.614185	369.000000
11865.748066	369.000000
11870.902207	369.000000
11876.054200	369.000000
11881.188713	368.000000
11886.340802	368.000000
11891.493104	368.000000
11896.629229	368.000000
11901.779760	367.000000
11906.932255	367.000000
11912.068244	367.000000
11917.220487	367.000000
11922.388334	366.000000
11927.541692	366.000000
11932.676135	366.000000
11937.828469	366.000000
11942.996766	366.000000
11948.148081	365.000000
11953.315577	365.000000
11958.451215	365.000000
11963.589167	365.000000
11968.724281	364.000000
11973.876295	364.000000
11979.028156	364.000000
11984.180332	364.000000
11989.317094	364.000000
11994.469205	363.000000
11999.622332	363.000000
12004.788321	363.000000
12009.956360	363.000000
12015.124501	362.000000
12020.277044	362.000000
12025.428190	362.000000
12030.563657	362.000000
12035.716266	362.000000
12040.869444	361.000000
12046.003727	361.000000
12051.155684	361.000000
12056.309112	361.000000
12061.443974	360.000000
12066.596177	360.000000
12071.748262	360.000000
12076.884611	360.000000
12082.038340	360.000000
12087.204000	359.000000
12092.357702	359.000000
12097.523944	359.000000
12102.676378	359.000000
12107.846166	358.000000
12113.014131	358.000000
12118.166151	358.000000
12123.315921	358.000000
12128.453102	358.000000
12133.621754	357.000000
12138.771609	357.000000
12143.924910	357.000000
12149.076035	357.000000
12154.212157	356.000000
12159.380396	356.000000
12164.548429	356.000000
12169.684653	356.000000
12174.837505	356.000000
12179.972409	355.000000
12185.124207	355.000000
12190.292115	355.000000
12195.446443	355.000000
12200.580309	354.000000
12205.732142	354.000000
12210.884953	354.000000
12216.019671	354.000000
12221.172592	354.000000
12226.325287	353.000000
12231.460548	353.000000
12236.628202	353.000000
12241.781590	353.000000
12246.932538	353.000000
12252.084945	352.000000
12257.220932	352.000000
12262.374453	352.000000
12267.524535	352.000000
12272.660311	352.000000
12277.812180	351.000000
12282.965183	351.000000
12288.132576	351.000000
12293.284132	351.000000
12298.421652	350.000000
12303.572578	350.000000
12308.708372	350.000000
12313.894540	350.000000
12319.028582	350.000000
12324.180274	349.000000
12329.333817	349.000000
12334.468426	349.000000
12339.619862	349.000000
12344.772026	349.000000
12349.907966	348.000000
12355.060585	348.000000
12360.212028	348.000000
12365.379929	348.000000
12370.532586	348.000000
12375.668479	347.000000
12380.821758	347.000000
12385.973077	347.000000
12391.124601	347.000000
12396.260371	347.000000
12401.427921	346.000000
12406.582003	346.000000
12411.716171	346.000000
12416.884257	346.000000
12422.036525	345.000000
12427.188522	345.000000
12432.356594	345.000000
12437.509324	345.000000
12442.660560	345.000000
12447.798418	345.000000
12452.949561	344.000000
12458.101681	344.000000
12463.236560	344.000000
12468.388635	344.000000
12473.541019	343.000000
12478.676403	343.000000
12483.829092	343.000000
12488.981786	343.000000
12494.116450	343.000000
12499.268538	342.000000
12504.420633	342.000000
12509.556813	342.000000
12514.708081	342.000000
12519.861433	342.000000
12524.997638	341.000000
12530.148234	341.000000
12535.284380	341.000000
12540.438353	341.000000
12545.588093	341.000000
12550.724680	340.000000
12555.893118	340.000000
12561.044756	340.000000
12566.180232	340.000000
12571.315960	340.000000
12576.484439	340.000000
12581.637082	339.000000
12586.806187	339.000000
12591.956676	339.000000
12597.141905	339.000000
12602.276027	339.000000
12607.444881	338.000000
12612.595976	338.000000
12617.733878	338.000000
12622.886398	338.000000
12628.036299	337.000000
12633.173412	337.000000
12638.326144	337.000000
12643.476669	337.000000
12648.612621	337.000000
12653.764877	337.000000
12658.933755	336.000000
12664.084297	336.000000
12669.236221	336.000000
12674.373593	336.000000
12679.524407	336.000000
12684.676223	335.000000
12689.813415	335.000000
12694.965512	335.000000
12700.116541	335.000000
12705.253328	335.000000
12710.404676	334.000000
12715.572359	334.000000
12720.724224	334.000000
12725.861911	334.000000
12731.012665	334.000000
12736.181898	333.000000
12741.332739	333.000000
12746.486591	333.000000
12751.620284	333.000000
12756.788143	333.000000
12761.926443	332.000000
12767.060204	332.000000
12772.212533	332.000000
12777.366372	332.000000
12782.501943	332.000000
12787.654028	331.000000
12792.806394	331.000000
12797.941961	331.000000
12803.110693	331.000000
12808.261418	331.000000
12813.411963	330.000000
12818.566006	330.000000
12823.701210	330.000000
12828.884103	330.000000
12834.021976	330.000000
12839.173676	330.000000
12844.308695	329.000000
12849.461232	329.000000
12854.613969	329.000000
12859.748796	329.000000
12864.900054	329.000000
12870.068605	328.000000
12875.220349	328.000000
12880.388211	328.000000
12885.556192	328.000000
12890.708375	328.000000
12895.860780	328.000000
12901.044351	327.000000
12906.182464	327.000000
12911.316890	327.000000
12916.469291	327.000000
12921.620020	327.000000
12926.756659	326.000000
12931.909461	326.000000
12937.062037	326.000000
12942.198654	326.000000
12947.348377	326.000000
12952.502902	325.000000
12957.638281	325.000000
12962.788570	325.000000
12967.941590	325.000000
12973.078577	325.000000
12978.228688	325.000000
12983.380776	324.000000
12988.516309	324.000000
12993.668939	324.000000
12998.820689	324.000000
13003.956598	324.000000
13009.108968	323.000000
13014.260524	323.000000
13019.398351	323.000000
13024.549652	323.000000
13029.701878	323.000000
13034.853043	323.000000
13040.004332	322.000000
13045.156281	322.000000
13050.309014	322.000000
13055.444894	322.000000
13060.613387	322.000000
13065.766578	321.000000
13070.916893	321.000000
13076.068987	321.000000
13081.206090	321.000000
13086.356889	321.000000
13091.509854	321.000000
13096.645967	320.000000
13101.798314	320.000000
13106.966332	320.000000
13112.116844	320.000000
13117.268899	320.000000
13122.406844	320.000000
13127.556909	319.000000
13132.708322	319.000000
13137.862063	319.000000
13143.014294	319.000000
13148.164402	319.000000
13153.316238	318.000000
13158.452802	318.000000
13163.606802	318.000000
13168.756889	318.000000
13173.893904	318.000000
13179.044521	318.000000
13184.196523	317.000000
13189.349878	317.000000
13194.486082	317.000000
13199.637649	317.000000
13204.773097	317.000000
13209.924813	317.000000
13215.078905	316.000000
13220.212743	316.000000
13225.380923	316.000000
13230.532685	316.000000
13235.684305	316.000000
13240.852907	315.000000
13246.006246	315.000000
13251.140732	315.000000
13256.294476	315.000000
13261.461451	315.000000
13266.614172	315.000000
13271.764528	314.000000
13276.900762	314.000000
13282.052921	314.000000
13287.205992	314.000000
13292.356771	314.000000
13297.494006	314.000000
13302.646451	313.000000
13307.782002	313.000000
13312.932936	313.000000
13318.116868	313.000000
13323.254916	313.000000
13328.405250	312.000000
13333.540942	312.000000
13338.693093	312.000000
13343.860325	312.000000
13349.028517	312.000000
13354.182401	312.000000
13359.334346	311.000000
13364.468824	311.000000
13369.621245	311.000000
13374.774963	311.000000
13379.909038	311.000000
13385.061714	311.000000
13390.214887	310.000000
13395.350125	310.000000
13400.501044	310.000000
13405.652994	310.000000
13410.788526	310.000000
13415.942359	309.000000
13421.109890	309.000000
13426.260496	309.000000
13431.429020	309.000000
13436.581975	309.000000
13441.718559	309.000000
13446.870036	308.000000
13452.020695	308.000000
13457.158405	308.000000
13462.310186	308.000000
13467.460478	308.000000
13472.597742	308.000000
13477.749067	308.000000
13482.918962	307.000000
13488.069020	307.000000
13493.238440	307.000000
13498.390492	307.000000
13503.556538	307.000000
13508.709050	306.000000
13513.862257	306.000000
13518.997198	306.000000
13524.148394	306.000000
13529.300699	306.000000
13534.438421	306.000000
13539.591194	306.000000
13544.724710	305.000000
13549.878330	305.000000
13555.028861	305.000000
13560.166728	305.000000
13565.317792	305.000000
13570.470312	304.000000
13575.607038	304.000000
13580.759014	304.000000
13585.908997	304.000000
13591.044617	304.000000
13596.196589	304.000000
13601.348546	303.000000
13606.484509	303.000000
13611.637085	303.000000
13616.788368	303.000000
13621.925615	303.000000
13627.094067	303.000000
13632.246541	303.000000
13637.397046	302.000000
13642.548870	302.000000
13647.684705	302.000000
13652.853033	302.000000
13658.006246	302.000000
13663.156794	302.000000
13668.294422	301.000000
13673.446402	301.000000
13678.598199	301.000000
13683.734313	301.000000
13688.884709	301.000000
13694.037200	301.000000
13699.173298	300.000000
13704.340840	300.000000
13709.493426	300.000000
13714.644486	300.000000
13719.798694	300.000000
13724.934411	300.000000
13730.102644	299.000000
13735.253103	299.000000
13740.405134	299.000000
13745.556911	299.000000
13750.708662	299.000000
13755.844909	299.000000
13760.996984	298.000000
13766.149141	298.000000
13771.301183	298.000000
13776.453909	298.000000
13781.605911	298.000000
13786.740675	298.000000
13791.894577	298.000000
13797.044618	297.000000
13802.180970	297.000000
13807.364856	297.000000
13812.500759	297.000000
13817.655088	297.000000
13822.805994	297.000000
13827.941412	296.000000
13833.092823	296.000000
13838.246508	296.000000
13843.380668	296.000000
13848.534493	296.000000
13853.684608	296.000000
13858.852965	295.000000
13864.023241	295.000000
13869.188612	295.000000
13874.341462	295.000000
13879.527128	295.000000
13884.676957	295.000000
13889.828880	294.000000
13894.982420	294.000000
13900.133920	294.000000
13905.270281	294.000000
13910.422425	294.000000
13915.573362	294.000000
13920.756745	293.000000
13925.908948	293.000000
13931.062641	293.000000
13936.196866	293.000000
13941.350542	293.000000
13946.502494	293.000000
13951.638402	293.000000
13956.790234	292.000000
13961.942587	292.000000
13967.077911	292.000000
13972.230438	292.000000
13977.382589	292.000000
13982.535110	292.000000
13987.685057	292.000000
13992.838197	291.000000
13997.988594	291.000000
14003.140756	291.000000
14008.277117	291.000000
14013.431218	291.000000
14018.582544	290.000000
14023.749273	290.000000
14028.885232	290.000000
14034.038885	290.000000
14039.188913	290.000000
14044.342556	290.000000
14049.492900	290.000000
14054.630276	289.000000
14059.765354	289.000000
14064.918721	289.000000
14070.069130	289.000000
14075.238335	289.000000
14080.388783	289.000000
14085.525023	289.000000
14090.679013	288.000000
14095.829298	288.000000
14100.982139	288.000000
14106.134712	288.000000
14111.285148	288.000000
14116.438911	288.000000
14121.591255	288.000000
14126.740674	287.000000
14131.895501	287.000000
14137.029328	287.000000
14142.183335	287.000000
14147.333332	287.000000
14152.486266	287.000000
14157.637489	287.000000
14162.773829	286.000000
14167.927111	286.000000
14173.079219	286.000000
14178.246381	286.000000
14183.396889	286.000000
14188.533464	285.000000
14193.684777	285.000000
14198.838597	285.000000
14203.989202	285.000000
14209.126641	285.000000
14214.277470	285.000000
14219.429111	285.000000
14224.581743	284.000000
14229.734342	284.000000
14234.887077	284.000000
14240.036729	284.000000
14245.173161	284.000000
14250.325667	284.000000
14255.492913	284.000000
14260.645204	283.000000
14265.781588	283.000000
14270.934337	283.000000
14276.084876	283.000000
14281.221423	283.000000
14286.374897	283.000000
14291.524846	282.000000
14296.663558	282.000000
14301.813547	282.000000
14306.999364	282.000000
14312.149600	282.000000
14317.302558	282.000000
14322.454084	282.000000
14327.605909	281.000000
14332.740764	281.000000
14337.893558	281.000000
14343.045246	281.000000
14348.181022	281.000000
14353.334659	281.000000
14358.485007	281.000000
14363.622588	280.000000
14368.774489	280.000000
14373.909657	280.000000
14379.062966	280.000000
14384.228717	280.000000
14389.380749	280.000000
14394.532969	280.000000
14399.670508	279.000000
14404.821541	279.000000
14409.975632	279.000000
14415.127444	279.000000
14420.277959	279.000000
14425.428896	279.000000
14430.581338	278.000000
14435.734943	278.000000
14440.886433	278.000000
14446.037678	278.000000
14451.189725	278.000000
14456.343622	278.000000
14461.478583	278.000000
14466.629851	278.000000
14471.781361	277.000000
14476.934865	277.000000
14482.085234	277.000000
14487.238621	277.000000
14492.389718	277.000000
14497.541152	277.000000
14502.678879	276.000000
14507.830650	276.000000
14512.982344	276.000000
14518.119536	276.000000
14523.270753	276.000000
14528.423557	276.000000
14533.558985	276.000000
14538.725666	275.000000
14543.877205	275.000000
14549.031382	275.000000
14554.181420	275.000000
14559.318220	275.000000
14564.470615	275.000000
14569.605847	275.000000
14574.757138	275.000000
14579.908850	274.000000
14585.045644	274.000000
14590.199538	274.000000
14595.349159	274.000000
14600.501728	274.000000
14605.653753	274.000000
14610.805979	274.000000
14615.974233	273.000000
14621.125176	273.000000
14626.278665	273.000000
14631.429145	273.000000
14636.565586	273.000000
14641.717756	273.000000
14646.869204	273.000000
14652.022085	272.000000
14657.174862	272.000000
14662.326509	272.000000
14667.479012	272.000000
14672.614408	272.000000
14677.765387	272.000000
14682.918781	272.000000
14688.053645	271.000000
14693.221098	271.000000
14698.374712	271.000000
14703.527582	271.000000
14708.676999	271.000000
14713.814179	271.000000
14718.965551	271.000000
14724.117682	270.000000
14729.253798	270.000000
14734.405630	270.000000
14739.558916	270.000000
14744.725429	270.000000
14749.878962	270.000000
14755.029244	270.000000
14760.165689	269.000000
14765.317791	269.000000
14770.469332	269.000000
14775.621739	269.000000
14780.774377	269.000000
14785.926402	269.000000
14791.062313	269.000000
14796.213759	269.000000
14801.365459	268.000000
14806.501776	268.000000
14811.654079	268.000000
14816.806379	268.000000
14821.974376	268.000000
14827.126432	268.000000
14832.263571	267.000000
14837.414469	267.000000
14842.566285	267.000000
14847.717330	267.000000
14852.854826	267.000000
14858.006274	267.000000
14863.142756	267.000000
14868.294669	267.000000
14873.446628	266.000000
14878.581552	266.000000
14883.749170	266.000000
14888.903611	266.000000
14894.053520	266.000000
14899.237649	266.000000
14904.390197	266.000000
14909.541726	265.000000
14914.694473	265.000000
14919.829188	265.000000
14924.982234	265.000000
14930.134231	265.000000
14935.269566	265.000000
14940.422990	265.000000
14945.575683	265.000000
14950.725167	264.000000
14955.878321	264.000000
14961.030992	264.000000
14966.181681	264.000000
14971.319110	264.000000
14976.469372	264.000000
14981.621816	264.000000
14986.757197	263.000000
14991.911816	263.000000
14997.061753	263.000000
15002.214844	263.000000
15007.365707	263.000000
15012.501494	263.000000
15017.637931	263.000000
15022.791007	263.000000
15027.943974	262.000000
15033.094442	262.000000
15038.247359	262.000000
15043.397442	262.000000
15048.550889	262.000000
15053.718420	262.000000
15058.869487	262.000000
15064.021807	261.000000
15069.158356	261.000000
15074.309538	261.000000
15079.462718	261.000000
15084.597613	261.000000
15089.749177	261.000000
15094.887166	261.000000
15100.037924	261.000000
15105.189105	260.000000
15110.325810	260.000000
15115.495749	260.000000
15120.647069	260.000000
15125.798962	260.000000
15130.965377	260.000000
15136.117231	260.000000
15141.271656	259.000000
15146.406275	259.000000
15151.559415	259.000000
15156.709436	259.000000
15161.847299	259.000000
15166.999650	259.000000
15172.150678	259.000000
15177.285586	259.000000
15182.437957	258.000000
15187.591462	258.000000
15192.742041	258.000000
15197.895246	258.000000
15203.045515	258.000000
15208.213840	258.000000
15213.365946	258.000000
15218.518209	257.000000
15223.653145	257.000000
15228.806512	257.000000
15233.959992	257.000000
15239.093906	257.000000
15244.247145	257.000000
15249.397458	257.000000
15254.533542	257.000000
15259.685561	256.000000
15264.838498	256.000000
15269.989175	256.000000
15275.143981	256.000000
15280.295321	256.000000
15285.462159	256.000000
15290.613280	256.000000
15295.766134	256.000000
15300.917962	255.000000
15306.070969	255.000000
15311.221575	255.000000
15316.373483	255.000000
15321.525940	255.000000
15326.661886	255.000000
15331.829989	255.000000
15336.983743	255.000000
15342.133375	254.000000
15347.286502	254.000000
15352.421866	254.000000
15357.575484	254.000000
15362.727901	254.000000
15367.862576	254.000000
15373.013711	254.000000
15378.165407	253.000000
15383.302638	253.000000
15388.453978	253.000000
15393.591464	253.000000
15398.742127	253.000000
15403.893523	253.000000
15409.031070	253.000000
15414.183978	253.000000
15419.335213	252.000000
15424.485935	252.000000
15429.623624	252.000000
15434.775445	252.000000
15439.910214	252.000000
15445.063369	252.000000
15450.247145	252.000000
15455.399150	251.000000
15460.551216	251.000000
15465.701543	251.000000
15470.855902	251.000000
15476.006864	251.000000
15481.159146	251.000000
15486.310012	251.000000
15491.463147	251.000000
15496.599929	251.000000
15501.749762	250.000000
15506.901390	250.000000
15512.037461	250.000000
15517.223030	250.000000
15522.358670	250.000000
15527.509765	250.000000
15532.661327	250.000000
15537.800043	250.000000
15542.951575	249.000000
15548.103377	249.000000
15553.238025	249.000000
15558.391644	249.000000
15563.542023	249.000000
15568.725544	249.000000
15573.878552	249.000000
15579.029624	249.000000
15584.166112	248.000000
15589.318553	248.000000
15594.471284	248.000000
15599.606841	248.000000
15604.759078	248.000000
15609.909509	248.000000
15615.045737	248.000000
15620.215518	248.000000
15625.365820	247.000000
15630.517935	247.000000
15635.671277	247.000000
15640.805873	247.000000
15645.958521	247.000000
15651.110091	247.000000
15656.247343	247.000000
15661.399910	247.000000
15666.550607	247.000000
15671.703333	246.000000
15676.853340	246.000000
15682.005985	246.000000
15687.158404	246.000000
15692.294173	246.000000
15697.447207	246.000000
15702.599311	246.000000
15707.733644	246.000000
15712.887262	245.000000
15718.037526	245.000000
15723.223247	245.000000
15728.373445	245.000000
15733.526062	245.000000
15738.678185	245.000000
15743.813991	245.000000
15748.966263	245.000000
15754.117600	244.000000
15759.256147	244.000000
15764.405802	244.000000
15769.558246	244.000000
15774.694188	244.000000
15779.846921	244.000000
15784.998178	244.000000
15790.136114	243.000000
15795.288274	243.000000
15800.470227	243.000000
15805.623161	243.000000
15810.775659	243.000000
15815.926133	243.000000
15821.061586	243.000000
15826.216066	243.000000
15831.349657	243.000000
15836.502394	242.000000
15841.654428	242.000000
15846.806592	242.000000
15851.942156	242.000000
15857.095616	242.000000
15862.247902	242.000000
15867.383213	242.000000
15872.534153	242.000000
15877.702085	242.000000
15882.853978	241.000000
15888.006200	241.000000
15893.142377	241.000000
15898.295321	241.000000
15903.446402	241.000000
15908.582215	241.000000
15913.734101	241.000000
15918.870369	241.000000
15924.022264	241.000000
15929.173840	240.000000
15934.311444	240.000000
15939.478878	240.000000
15944.632379	240.000000
15949.781652	240.000000
15954.966365	240.000000
15960.119182	240.000000
15965.269516	239.000000
15970.422372	239.000000
15975.575068	239.000000
15980.710411	239.000000
15985.846005	239.000000
15990.998072	239.000000
15996.149765	239.000000
16001.303307	239.000000
16006.456094	239.000000
16011.606210	238.000000
16016.759946	238.000000
16021.911633	238.000000
16027.063555	238.000000
16032.198376	238.000000
16037.350293	238.000000
16042.502391	238.000000
16047.638993	238.000000
16052.790840	238.000000
16057.943181	237.000000
16063.078226	237.000000
16068.232224	237.000000
16073.383132	237.000000
16078.517942	237.000000
16083.671421	237.000000
16088.822135	237.000000
16093.974968	237.000000
16099.128170	236.000000
16104.277701	236.000000
16109.461677	236.000000
16114.598964	236.000000
16119.749672	236.000000
16124.887403	236.000000
16130.038342	236.000000
16135.192149	236.000000
16140.326044	236.000000
16145.478379	235.000000
16150.631640	235.000000
16155.782300	235.000000
16160.965889	235.000000
16166.120529	235.000000
16171.270533	235.000000
16176.406737	235.000000
16181.557662	235.000000
16186.694006	234.000000
16191.845997	234.000000
16196.998141	234.000000
16202.150220	234.000000
16207.286561	234.000000
16212.437962	234.000000
16217.575892	234.000000
16222.726410	234.000000
16227.880355	234.000000
16233.014294	234.000000
16238.168397	233.000000
16243.317787	233.000000
16248.471545	233.000000
16253.622303	233.000000
16258.774361	233.000000
16263.960040	233.000000
16269.111569	233.000000
16274.264320	233.000000
16279.413762	232.000000
16284.566549	232.000000
16289.703644	232.000000
16294.853722	232.000000
16300.006442	232.000000
16305.142293	232.000000
16310.295681	232.000000
16315.446852	232.000000
16320.583779	232.000000
16325.734380	232.000000
16330.888501	231.000000
16336.022590	231.000000
16341.191243	231.000000
16346.344373	231.000000
16351.493958	231.000000
16356.646098	231.000000
16361.783407	231.000000
16366.935097	231.000000
16372.087545	231.000000
16377.221960	230.000000
16382.374607	230.000000
16387.526555	230.000000
16392.709735	230.000000
16397.862533	230.000000
16403.014431	230.000000
16408.150473	230.000000
16413.302969	230.000000
16418.453799	229.000000
16423.591722	229.000000
16428.742523	229.000000
16433.894637	229.000000
16439.031243	229.000000
16444.182441	229.000000
16449.334454	229.000000
16454.504434	229.000000
16459.656293	229.000000
16464.790410	228.000000
16469.942960	228.000000
16475.094381	228.000000
16480.232420	228.000000
16485.383549	228.000000
16490.520373	228.000000
16495.702551	228.000000
16500.838087	228.000000
16505.990406	228.000000
16511.143306	227.000000
16516.278922	227.000000
16521.431150	227.000000
16526.583652	227.000000
16531.719528	227.000000
16536.870688	227.000000
16542.021869	227.000000
16547.206435	227.000000
16552.359409	227.000000
16557.510164	226.000000
16562.662553	226.000000
16567.798493	226.000000
16572.950728	226.000000
16578.088425	226.000000
16583.238032	226.000000
16588.391308	226.000000
16593.526036	226.000000
16598.678342	226.000000
16603.831924	226.000000
16608.982694	225.000000
16614.120456	225.000000
16619.271557	225.000000
16624.453761	225.000000
16629.606600	225.000000
16634.760474	225.000000
16639.911662	225.000000
16645.063161	225.000000
16650.198027	225.000000
16655.350411	224.000000
16660.487066	224.000000
16665.640426	224.000000
16670.791517	224.000000
16675.926562	224.000000
16681.079709	224.000000
16686.215295	224.000000
16691.366237	224.000000
16696.518719	224.000000
16701.703982	223.000000
16706.855906	223.000000
16712.006310	223.000000
16717.157984	223.000000
16722.294344	223.000000
16727.446579	223.000000
16732.598037	223.000000
16737.736746	223.000000
16742.887084	223.000000
16748.038575	223.000000
16753.174071	222.000000
16758.326697	222.000000
16763.478729	222.000000
16768.614046	222.000000
16773.766788	222.000000
16778.949865	222.000000
16784.102820	222.000000
16789.255070	222.000000
16794.406343	222.000000
16799.544406	221.000000
16804.694172	221.000000
16809.864570	221.000000
16815.015746	221.000000
16820.166310	221.000000
16825.303134	221.000000
16830.454430	221.000000
16835.606645	221.000000
16840.743411	220.000000
16845.896780	220.000000
16851.062521	220.000000
16856.215902	220.000000
16861.350275	220.000000
16866.504526	220.000000
16871.654510	220.000000
16876.791589	220.000000
16881.926636	220.000000
16887.062389	220.000000
16892.214175	219.000000
16897.350618	219.000000
16902.503736	219.000000
16907.654616	219.000000
16912.790322	219.000000
16917.958692	219.000000
16923.110146	219.000000
16928.263650	219.000000
16933.431895	219.000000
16938.582002	219.000000
16943.736290	218.000000
16948.887796	218.000000
16954.038546	218.000000
16959.190356	218.000000
16964.343592	218.000000
16969.478645	218.000000
16974.632764	218.000000
16979.783542	218.000000
16984.934300	218.000000
16990.088885	218.000000
16995.239645	217.000000
17000.392804	217.000000
17005.544380	217.000000
17010.694801	217.000000
17015.830452	217.000000
17020.982729	217.000000
17026.119327	217.000000
17031.270437	217.000000
17036.424119	217.000000
17041.575521	216.000000
17046.726433	216.000000
17051.880212	216.000000
17057.032161	216.000000
17062.182774	216.000000
17067.318293	216.000000
17072.470582	216.000000
17077.606915	216.000000
17082.760130	216.000000
17087.943380	216.000000
17093.094800	215.000000
17098.246262	215.000000
17103.398032	215.000000
17108.552048	215.000000
17113.688354	215.000000
17118.838774	215.000000
17123.990446	215.000000
17129.126425	215.000000
17134.278951	215.000000
17139.432100	214.000000
17144.566260	214.000000
17149.718830	214.000000
17154.870805	214.000000
17160.022048	214.000000
17165.174548	214.000000
17170.326946	214.000000
17175.480193	214.000000
17180.630789	214.000000
17185.768826	214.000000
17190.918659	214.000000
17196.056399	213.000000
17201.208376	213.000000
17206.359474	213.000000
17211.496794	213.000000
17216.646908	213.000000
17221.798824	213.000000
17226.951146	213.000000
17232.102777	213.000000
17237.256030	213.000000
17242.423355	212.000000
17247.575525	212.000000
17252.727900	212.000000
17257.879505	212.000000
17263.016797	212.000000
17268.166870	212.000000
17273.302155	212.000000
17278.456383	212.000000
17283.606867	212.000000
17288.742784	212.000000
17293.894639	212.000000
17299.047897	211.000000
17304.198261	211.000000
17309.350614	211.000000
17314.502970	211.000000
17319.670942	211.000000
17324.822229	211.000000
17329.974841	211.000000
17335.126752	211.000000
17340.263568	211.000000
17345.414435	211.000000
17350.568357	210.000000
17355.703761	210.000000
17360.855872	210.000000
17365.990333	210.000000
17371.142743	210.000000
17376.295135	210.000000
17381.446288	210.000000
17386.583106	210.000000
17391.735308	210.000000
17396.872902	210.000000
17402.023097	209.000000
17407.208567	209.000000
17412.358966	209.000000
17417.510945	209.000000
17422.663055	209.000000
17427.816097	209.000000
17432.950478	209.000000
17438.104274	208.000000
17443.255819	207.000000
17448.423030	206.000000
17453.559640	205.000000
17458.696429	204.000000
17463.832097	203.000000
17468.984316	203.000000
17474.120557	202.000000
17479.270971	201.000000
17484.456110	200.000000
17489.608948	199.000000
17494.760237	199.000000
17499.911952	198.000000
17505.062342	197.000000
17510.199500	196.000000
17515.350401	195.000000
17520.503932	194.000000
17525.671969	194.000000
17530.824871	193.000000
17535.974951	192.000000
17541.126733	191.000000
17546.281176	190.000000
17551.431431	189.000000
17556.568636	189.000000
17561.718614	188.000000
17566.887039	187.000000
17572.038487	186.000000
17577.191359	186.000000
17582.328372	185.000000
17587.478975	184.000000
17592.630474	184.000000
17597.768056	184.000000
17602.918962	183.000000
17608.071462	183.000000
17613.206783	183.000000
17618.359979	182.000000
17623.512798	182.000000
17628.662530	182.000000
17633.814724	181.000000
17638.969048	181.000000
17644.120439	181.000000
17649.254451	181.000000
17654.406394	181.000000
17659.559499	180.000000
17664.696809	180.000000
17669.848214	180.000000
17674.999841	180.000000
17680.184717	180.000000
17685.335056	179.000000
17690.488071	179.000000
17695.640213	179.000000
17700.776960	179.000000
17705.927029	178.000000
17711.065140	177.000000
17716.215047	177.000000
17721.367302	176.000000
17726.502929	176.000000
17731.655583	175.000000
17736.806753	174.000000
17741.943916	174.000000
17747.095950	173.000000
17752.247101	173.000000
17757.415957	172.000000
17762.567179	171.000000
17767.702843	171.000000
17772.855899	170.000000
17778.006762	170.000000
17783.159142	169.000000
17788.311172	169.000000
17793.463669	168.000000
17798.614882	167.000000
17803.750921	167.000000
17808.903128	166.000000
17814.055116	166.000000
17819.191037	165.000000
17824.343179	165.000000
17829.496844	164.000000
17834.681143	163.000000
17839.831113	163.000000
17844.983124	162.000000
17850.134871	162.000000
17855.287377	161.000000
17860.441139	161.000000
17865.591167	160.000000
17870.742563	160.000000
17875.879583	159.000000
17881.030918	159.000000
17886.184624	158.000000
17891.319392	158.000000
17896.471285	157.000000
17901.623414	157.000000
17906.760083	156.000000
17911.910477	156.000000
17917.063684	155.000000
17922.199237	155.000000
17927.351344	154.000000
17932.503928	154.000000
17937.655135	153.000000
17942.790936	153.000000
17947.943162	152.000000
17953.081189	152.000000
17958.230996	152.000000
17963.383179	151.000000
17968.520587	151.000000
17973.686817	150.000000
17978.841160	150.000000
17983.991015	149.000000
17989.158885	149.000000
17994.312709	148.000000
17999.446565	148.000000
18004.600665	148.000000
18009.752377	147.000000
18014.905120	147.000000
18020.056307	146.000000
18025.208230	146.000000
18030.360096	145.000000
18035.513215	145.000000
18040.648323	145.000000
18045.799417	144.000000
18050.952521	144.000000
18056.102930	144.000000
18061.256225	143.000000
18066.408471	143.000000
18071.559037	143.000000
18076.695297	142.000000
18081.846929	142.000000
18087.000612	141.000000
18092.150709	141.000000
18097.303134	141.000000
18102.455145	140.000000
18107.606661	140.000000
18112.760230	140.000000
18117.896289	139.000000
18123.048379	139.000000
18128.199306	138.000000
18133.335360	138.000000
18138.486816	138.000000
18143.654703	137.000000
18148.807389	137.000000
18153.944280	137.000000
18159.095139	136.000000
18164.248320	136.000000
18169.399127	136.000000
18174.536870	135.000000
18179.688446	135.000000
18184.824741	135.000000
18189.974853	134.000000
18195.127375	134.000000
18200.264140	134.000000
18205.432286	133.000000
18210.584238	133.000000
18215.737297	133.000000
18220.919094	132.000000
18226.056526	132.000000
18231.206813	132.000000
18236.359404	132.000000
18241.511037	131.000000
18246.665473	131.000000
18251.816566	131.000000
18256.951946	130.000000
18262.103020	130.000000
18267.256286	130.000000
18272.390823	129.000000
18277.545218	129.000000
18282.696836	129.000000
18287.831251	128.000000
18292.984251	128.000000
18298.150981	128.000000
18303.303247	128.000000
18308.455592	127.000000
18313.591906	127.000000
18318.743108	127.000000
18323.895514	126.000000
18329.032264	126.000000
18334.182778	126.000000
18339.319031	126.000000
18344.471856	125.000000
18349.624241	125.000000
18354.760637	125.000000
18359.927527	125.000000
18365.080386	124.000000
18370.230637	124.000000
18375.400506	124.000000
18380.550858	123.000000
18385.704828	123.000000
18390.840457	123.000000
18395.992620	123.000000
18401.144616	122.000000
18406.295201	122.000000
18411.446784	122.000000
18416.599427	122.000000
18421.750945	121.000000
18426.903043	121.000000
18432.040385	121.000000
18437.191489	121.000000
18442.329194	120.000000
18447.480476	120.000000
18452.647493	120.000000
18457.798948	120.000000
18462.952683	119.000000
18468.103220	119.000000
18473.241540	119.000000
18478.374985	119.000000
18483.527134	118.000000
18488.680326	118.000000
18493.831466	118.000000
18498.966947	118.000000
18504.119358	117.000000
18509.271419	117.000000
18514.423658	117.000000
18519.576304	117.000000
18524.727365	116.000000
18529.896004	116.000000
18535.048309	116.000000
18540.199994	116.000000
18545.334951	116.000000
18550.486930	115.000000
18555.640374	115.000000
18560.775177	115.000000
18565.927340	115.000000
18571.080357	115.000000
18576.215429	114.000000
18581.367085	114.000000
18586.519976	114.000000
18591.671468	114.000000
18596.807481	114.000000
18601.959108	113.000000
18607.095144	113.000000
18612.247205	113.000000
18617.431626	113.000000
18622.584639	112.000000
18627.735167	112.000000
18632.889229	112.000000
18638.040172	112.000000
18643.192076	112.000000
18648.344345	111.000000
18653.497050	111.000000
18658.646775	111.000000
18663.785687	111.000000
18668.936528	111.000000
18674.087082	110.000000
18679.224533	110.000000
18684.390919	110.000000
18689.545082	110.000000
18694.697098	110.000000
18699.847521	109.000000
18704.984528	109.000000
18710.135611	109.000000
18715.271667	109.000000
18720.423377	109.000000
18725.574917	109.000000
18730.712267	108.000000
18735.863771	108.000000
18741.015209	108.000000
18746.169062	108.000000
18751.319185	108.000000
18756.471476	107.000000
18761.640804	107.000000
18766.791385	107.000000
18771.943485	107.000000
18777.095201	107.000000
18782.231857	106.000000
18787.384581	106.000000
18792.520844	106.000000
18797.671080	106.000000
18802.840229	106.000000
18807.992713	106.000000
18813.144823	106.000000
18818.295651	105.000000
18823.431415	105.000000
18828.583596	105.000000
18833.719178	105.000000
18838.887308	105.000000
18844.040837	104.000000
18849.191001	104.000000
18854.344665	104.000000
18859.480313	104.000000
18864.631037	104.000000
18869.784311	104.000000
18874.921576	103.000000
18880.071550	103.000000
18885.209167	103.000000
18890.358934	103.000000
18895.512633	103.000000
18900.664613	103.000000
18905.800798	102.000000
18910.951231	102.000000
18916.088727	102.000000
18921.239577	102.000000
18926.424082	102.000000
18931.561683	102.000000
18936.712823	102.000000
18941.848290	101.000000
18946.999719	101.000000
18952.169031	101.000000
18957.320610	101.000000
18962.471560	101.000000
18967.641663	101.000000
18972.775254	100.000000
18977.927956	100.000000
18983.080333	100.000000
18988.231843	100.000000
18993.384122	100.000000
18998.536938	100.000000
19003.688995	99.000000
19008.840931	99.000000
19013.975646	99.000000
19019.127678	99.000000
19024.280944	99.000000
19029.415666	99.000000
19034.568379	99.000000
19039.720312	98.000000
19044.888714	98.000000
19050.040646	98.000000
19055.191773	98.000000
19060.344292	98.000000
19065.496811	98.000000
19070.647389	97.000000
19075.783445	97.000000
19080.935908	97.000000
19086.088878	97.000000
19091.223777	97.000000
19096.376308	97.000000
19101.527879	97.000000
19106.664704	96.000000
19111.817092	96.000000
19116.967372	96.000000
19122.135718	96.000000
19127.287537	96.000000
19132.424258	96.000000
19137.575221	96.000000
19142.728893	96.000000
19147.879123	95.000000
19153.031212	95.000000
19158.184247	95.000000
19163.335244	95.000000
19168.472992	95.000000
19173.624651	95.000000
19178.775154	95.000000
19183.912958	94.000000
19189.063191	94.000000
19194.216273	94.000000
19199.384740	94.000000
19204.536963	94.000000
19209.671863	94.000000
19214.824644	94.000000
19219.976383	93.000000
19225.129953	93.000000
19230.281728	93.000000
19235.431336	93.000000
19240.584288	93.000000
19245.720367	93.000000
19250.873882	93.000000
19256.024774	93.000000
19261.160387	92.000000
19266.313283	92.000000
19271.464245	92.000000
19276.631085	92.000000
19281.783349	92.000000
19286.919523	92.000000
19292.073189	92.000000
19297.223548	92.000000
19302.376543	91.000000
19307.528471	91.000000
19312.680622	91.000000
19317.831244	91.000000
19322.984941	91.000000
19328.119351	91.000000
19333.271914	91.000000
19338.408298	91.000000
19343.559550	90.000000
19348.711876	90.000000
19353.881392	90.000000
19359.031574	90.000000
19364.184604	90.000000
19369.335546	90.000000
19374.487217	90.000000
19379.641359	90.000000
19384.791334	90.000000
19389.927713	89.000000
19395.081884	89.000000
19400.232797	89.000000
19405.367940	89.000000
19410.519172	89.000000
19415.672013	89.000000
19420.809515	89.000000
19425.959877	89.000000
19431.128349	88.000000
19436.281377	88.000000
19441.417239	88.000000
19446.568850	88.000000
19451.720452	88.000000
19456.871694	88.000000
19462.007368	88.000000
19467.160036	88.000000
19472.295892	87.000000
19477.447890	87.000000
19482.599809	87.000000
19487.735589	87.000000
19492.904559	87.000000
19498.056097	87.000000
19503.208198	87.000000
19508.376925	87.000000
19513.528079	87.000000
19518.664768	87.000000
19523.816883	86.000000
19528.967345	86.000000
19534.120714	86.000000
19539.271194	86.000000
19544.423507	86.000000
19549.577953	86.000000
19554.727284	86.000000
19559.863878	86.000000
19565.017918	86.000000
19570.169047	85.000000
19575.304010	85.000000
19580.457518	85.000000
19585.623946	85.000000
19590.778055	85.000000
19595.927404	85.000000
19601.063956	85.000000
19606.215985	85.000000
19611.369954	84.000000
19616.519673	84.000000
19621.671278	84.000000
19626.825305	84.000000
19631.975729	84.000000
19637.113488	84.000000
19642.264424	84.000000
19647.415685	84.000000
19652.553235	84.000000
19657.704011	84.000000
19662.872275	83.000000
19668.023724	83.000000
19673.177077	83.000000
19678.311710	83.000000
19683.465519	83.000000
19688.615685	83.000000
19693.751661	83.000000
19698.903675	83.000000
19704.041135	83.000000
19709.191936	83.000000
19714.343884	83.000000
19719.496901	82.000000
19724.647353	82.000000
19729.799734	82.000000
19734.952619	82.000000
19740.120029	82.000000
19745.271535	82.000000
19750.423773	82.000000
19755.560273	82.000000
19760.711755	82.000000
19765.863935	81.000000
19771.000594	81.000000
19776.153934	81.000000
19781.304116	81.000000
19786.440809	81.000000
19791.592219	81.000000
19796.744036	81.000000
19801.895430	81.000000
19807.047925	81.000000
19812.200744	81.000000
19817.369982	81.000000
19822.521686	80.000000
19827.673149	80.000000
19832.809369	80.000000
19837.959717	80.000000
19843.111634	80.000000
19848.249120	80.000000
19853.400998	80.000000
19858.553942	80.000000
19863.689644	80.000000
19868.841501	80.000000
19873.992313	80.000000
19879.145487	80.000000
19884.296139	79.000000
19889.448031	79.000000
19894.616106	79.000000
19899.767626	79.000000
19904.922092	79.000000
19910.056147	79.000000
19915.208163	79.000000
19920.359444	79.000000
19925.495714	79.000000
19930.648246	78.000000
19935.800779	78.000000
19940.935924	78.000000
19946.088373	78.000000
19951.239601	78.000000
19956.393369	78.000000
19961.545266	78.000000
19966.696757	78.000000
19971.863943	78.000000
19977.015759	78.000000
19982.168768	78.000000
19987.320833	78.000000
19992.456237	77.000000
19997.609630	77.000000
20002.744299	77.000000
20007.898185	77.000000
20013.048145	77.000000
20018.184215	77.000000
20023.336329	77.000000
20028.488348	77.000000
20033.640778	77.000000
20038.791531	77.000000
20043.944290	76.000000
20049.113269	77.000000
20054.266305	76.000000
20059.416182	76.000000
20064.570210	76.000000
20069.703709	76.000000
20074.856648	76.000000
20079.994236	76.000000
20085.145724	76.000000
20090.296388	76.000000
20095.431946	76.000000
20100.584116	76.000000
20105.738377	76.000000
20110.887690	76.000000
20116.026217	75.000000
20121.176925	75.000000
20126.311522	75.000000
20131.465284	75.000000
20136.648397	75.000000
20141.800898	75.000000
20146.952747	75.000000
20152.105717	75.000000
20157.239820	75.000000
20162.392326	75.000000
20167.544194	74.000000
20172.681633	74.000000
20177.832259	74.000000
20182.969183	74.000000
20188.137970	74.000000
20193.288108	74.000000
20198.441716	74.000000
20203.609252	74.000000
20208.760073	74.000000
20213.911986	74.000000
20219.063757	74.000000
20224.200266	74.000000
20229.351877	74.000000
20234.504948	73.000000
20239.640881	73.000000
20244.791972	73.000000
20249.928201	73.000000
20255.063995	73.000000
20260.199757	73.000000
20265.353595	73.000000
20270.488251	73.000000
20275.640810	73.000000
20280.792095	73.000000
20285.927665	73.000000
20291.080494	73.000000
20296.233449	73.000000
20301.367839	72.000000
20306.519562	72.000000
20311.672472	72.000000
20316.807922	72.000000
20321.959870	72.000000
20327.113118	72.000000
20332.249969	72.000000
20337.399719	72.000000
20342.553343	72.000000
20347.703679	72.000000
20352.856571	72.000000
20358.008427	72.000000
20363.159562	72.000000
20368.296039	72.000000
20373.465281	71.000000
20378.615622	71.000000
20383.768031	71.000000
20388.921358	71.000000
20394.055870	71.000000
20399.209633	71.000000
20404.361795	71.000000
20409.512208	71.000000
20414.664571	71.000000
20419.816353	71.000000
20424.970370	71.000000
20430.121636	71.000000
20435.273612	71.000000
20440.423614	71.000000
20445.576500	70.000000
20450.729997	70.000000
20455.881011	70.000000
20461.015778	70.000000
20466.169307	70.000000
20471.306140	70.000000
20476.455808	70.000000
20481.610556	70.000000
20486.760386	70.000000
20491.896602	70.000000
20497.047889	70.000000
20502.200687	70.000000
20507.353293	70.000000
20512.504258	70.000000
20517.656402	69.000000
20522.808933	69.000000
20527.976274	69.000000
20533.113681	69.000000
20538.264076	69.000000
20543.418421	69.000000
20548.553177	69.000000
20553.704417	69.000000
20558.856399	69.000000
20564.009826	69.000000
20569.161904	69.000000
20574.312441	69.000000
20579.466022	69.000000
20584.616584	69.000000
20589.753203	69.000000
20594.906074	68.000000
20600.056302	68.000000
20605.209778	68.000000
20610.361539	68.000000
20615.514229	68.000000
20620.666245	68.000000
20625.816862	68.000000
20630.952980	68.000000
20636.106169	68.000000
20641.240320	68.000000
20646.392034	68.000000
20651.544567	68.000000
20656.698187	68.000000
20661.832001	68.000000
20666.984478	68.000000
20672.120470	67.000000
20677.272088	67.000000
20682.426346	67.000000
20687.560187	67.000000
20692.729082	67.000000
20697.879864	67.000000
20703.034442	67.000000
20708.201627	67.000000
20713.353527	67.000000
20718.505068	67.000000
20723.641865	67.000000
20728.792059	67.000000
20733.946504	67.000000
20739.098302	67.000000
20744.249768	67.000000
20749.400104	66.000000
20754.553116	66.000000
20759.705073	66.000000
20764.856903	66.000000
20770.009205	66.000000
20775.161033	66.000000
20780.312248	66.000000
20785.448059	66.000000
20790.600686	66.000000
20795.753732	66.000000
20800.903838	66.000000
20806.056321	66.000000
20811.209288	66.000000
20816.360445	66.000000
20821.497500	66.000000
20826.650644	66.000000
20831.802050	65.000000
20836.953548	65.000000
20842.106477	65.000000
20847.256354	65.000000
20852.408138	65.000000
20857.562692	65.000000
20862.698136	65.000000
20867.848626	65.000000
20873.001092	65.000000
20878.138322	65.000000
20883.288461	65.000000
20888.442720	65.000000
20893.592030	65.000000
20898.746552	65.000000
20903.896502	65.000000
20909.048178	65.000000
20914.200798	64.000000
20919.336720	64.000000
20924.489980	64.000000
20929.624845	64.000000
20934.777965	64.000000
20939.944825	64.000000
20945.096692	64.000000
20950.248071	64.000000
20955.385895	64.000000
20960.537716	64.000000
20965.672601	64.000000
20970.825553	64.000000
20975.976321	64.000000
20981.129149	64.000000
20986.264061	64.000000
20991.416115	64.000000
20996.569165	64.000000
21001.720612	64.000000
21006.856056	64.000000
21012.010447	63.000000
21017.145097	63.000000
21022.296654	63.000000
21027.464522	63.000000
21032.616001	63.000000
21037.754540	63.000000
21042.906798	63.000000
21048.056768	63.000000
21053.193312	63.000000
21058.344128	63.000000
21063.498384	63.000000
21068.632345	63.000000
21073.784654	63.000000
21078.937735	63.000000
21084.072661	63.000000
21089.224482	63.000000
21094.376778	63.000000
21099.514226	63.000000
21104.666039	63.000000
21109.818444	63.000000
21114.952139	63.000000
21120.106061	62.000000
21125.256185	62.000000
21130.392899	62.000000
21135.544906	62.000000
21140.696652	62.000000
21145.832139	62.000000
21150.984916	62.000000
21156.120925	62.000000
21161.304794	62.000000
21166.440313	62.000000
21171.592910	62.000000
21176.744560	62.000000
21181.881489	62.000000
21187.032256	62.000000
21192.185697	62.000000
21197.320599	61.000000
21202.472424	61.000000
21207.624564	61.000000
21212.809717	61.000000
21217.961714	61.000000
21223.113930	61.000000
21228.264589	61.000000
21233.400861	61.000000
21238.552725	61.000000
21243.688140	61.000000
21248.840484	61.000000
21253.993591	61.000000
21259.144324	61.000000
21264.281777	61.000000
21269.434722	61.000000
21274.584499	61.000000
21279.720773	60.000000
21284.856909	60.000000
21290.010155	60.000000
21295.160063	60.000000
21300.312665	60.000000
21305.450326	60.000000
21310.600353	60.000000
21315.753687	60.000000
21320.904584	60.000000
21326.074019	60.000000
21331.208401	60.000000
21336.360801	60.000000
21341.512975	60.000000
21346.649738	60.000000
21351.816828	60.000000
21356.969421	60.000000
21362.120804	60.000000
21367.288050	60.000000
21372.440834	60.000000
21377.578508	60.000000
21382.730229	60.000000
21387.881350	60.000000
21393.033606	59.000000
21398.168846	59.000000
21403.320784	59.000000
21408.458505	59.000000
21413.610154	59.000000
21418.760982	59.000000
21423.898335	59.000000
21429.064414	59.000000
21434.217626	59.000000
21439.370128	59.000000
21444.536849	59.000000
21449.688317	59.000000
21454.824596	59.000000
21459.978871	59.000000
21465.128823	59.000000
21470.281688	59.000000
21475.434346	59.000000
21480.584987	59.000000
21485.736305	59.000000
21490.890946	58.000000
21496.041007	58.000000
21501.176575	58.000000
21506.329032	58.000000
21511.465650	58.000000
21516.616866	58.000000
21521.784882	58.000000
21526.938687	58.000000
21532.072529	58.000000
21537.224561	58.000000
21542.376286	58.000000
21547.530160	58.000000
21552.682223	58.000000
21557.833002	58.000000
21562.986048	58.000000
21568.137868	58.000000
21573.291125	58.000000
21578.440959	58.000000
21583.593695	58.000000
21588.744978	58.000000
21593.896958	58.000000
21599.034375	58.000000
21604.185501	57.000000
21609.322063	57.000000
21614.474102	57.000000
21619.624757	57.000000
21624.776963	57.000000
21629.912764	57.000000
21635.066772	57.000000
21640.201533	57.000000
21645.352900	57.000000
21650.507035	57.000000
21655.656317	57.000000
21660.810901	57.000000
21665.961869	57.000000
21671.112341	57.000000
21676.280272	57.000000
21681.434376	57.000000
21686.584430	57.000000
21691.722975	57.000000
21696.874381	57.000000
21702.024970	57.000000
21707.160800	57.000000
21712.312916	57.000000
21717.449841	57.000000
21722.601930	57.000000
21727.753858	56.000000
21732.890832	56.000000
21738.059034	56.000000
21743.208869	56.000000
21748.361077	56.000000
21753.528877	56.000000
21758.681467	56.000000
21763.833227	56.000000
21768.969110	56.000000
21774.121109	56.000000
21779.272543	56.000000
21784.409354	56.000000
21789.563128	56.000000
21794.696943	56.000000
21799.849633	56.000000
21805.001750	56.000000
21810.137805	56.000000
21815.273120	56.000000
21820.424987	56.000000
21825.561564	56.000000
21830.696429	56.000000
21835.849065	56.000000
21841.002285	55.000000
21846.137851	55.000000
21851.288308	55.000000
21856.443110	55.000000
21861.594287	55.000000
21866.745140	55.000000
21871.897038	55.000000
21877.048492	55.000000
21882.201544	55.000000
21887.338856	55.000000
21892.490282	55.000000
21897.640990	55.000000
21902.778752	55.000000
21907.928851	55.000000
21913.080359	55.000000
21918.217064	55.000000
21923.370771	55.000000
21928.504954	55.000000
21933.658414	55.000000
21938.809062	55.000000
21943.946888	55.000000
21949.096966	55.000000
21954.249193	55.000000
21959.400600	55.000000
21964.537333	54.000000
21969.689295	54.000000
21974.825393	54.000000
21979.977910	54.000000
21985.145130	54.000000
21990.297997	54.000000
21995.450793	54.000000
22000.633978	54.000000
22005.784978	54.000000
22010.938484	54.000000
22016.074862	54.000000
22021.225024	54.000000
22026.377254	54.000000
22031.514621	54.000000
22036.664966	54.000000
22041.817215	54.000000
