0.000000	27.000000
5.153115	27.000000
10.287571	28.000000
15.440678	28.000000
20.594160	29.000000
25.743937	29.000000
30.880844	30.000000
36.031781	30.000000
41.185372	30.000000
46.320177	31.000000
51.487278	31.000000
56.639974	32.000000
61.792124	32.000000
66.943755	33.000000
72.080934	33.000000
77.231691	33.000000
82.384207	34.000000
87.536116	34.000000
92.671882	35.000000
97.823573	35.000000
102.959982	36.000000
108.111997	36.000000
113.266050	36.000000
118.400067	37.000000
123.553888	37.000000
128.719468	38.000000
133.872761	38.000000
139.040659	39.000000
144.240048	39.000000
149.394049	40.000000
154.528708	40.000000
159.681136	40.000000
164.834093	41.000000
169.967909	41.000000
175.120269	42.000000
180.271895	42.000000
185.408803	43.000000
190.561690	43.000000
195.712175	43.000000
200.847900	44.000000
206.001328	44.000000
211.153103	45.000000
216.287410	45.000000
221.441318	46.000000
226.591866	46.000000
231.728803	46.000000
236.879929	47.000000
242.048045	47.000000
247.200100	48.000000
252.353534	48.000000
257.487738	49.000000
262.640090	49.000000
267.794036	50.000000
272.928102	50.000000
278.112185	50.000000
283.248918	51.000000
288.399702	51.000000
293.553477	52.000000
298.688124	52.000000
303.842097	53.000000
308.992573	53.000000
314.129028	53.000000
319.295770	54.000000
324.432394	54.000000
329.568811	55.000000
334.720171	55.000000
339.872710	56.000000
345.040199	56.000000
350.191403	56.000000
355.329820	57.000000
360.479745	57.000000
365.632268	58.000000
370.783966	58.000000
375.920935	59.000000
381.088341	59.000000
386.240724	59.000000
391.393318	60.000000
396.543541	60.000000
401.681250	61.000000
406.832334	61.000000
411.968785	62.000000
417.119959	62.000000
422.287737	63.000000
427.440653	63.000000
432.593274	63.000000
437.728665	64.000000
442.880677	64.000000
448.032106	65.000000
453.167638	65.000000
458.322261	66.000000
463.474247	66.000000
468.640208	66.000000
473.794223	67.000000
478.960337	67.000000
484.097573	68.000000
489.248394	68.000000
494.400189	69.000000
499.537667	69.000000
504.687795	69.000000
509.839942	70.000000
514.994009	70.000000
520.144323	71.000000
525.281250	71.000000
530.416603	72.000000
535.570149	72.000000
540.720020	72.000000
545.856083	73.000000
551.008232	73.000000
556.159461	74.000000
561.297717	74.000000
566.482031	75.000000
571.615585	75.000000
576.785695	76.000000
581.937208	76.000000
587.088112	76.000000
592.273192	77.000000
597.408014	77.000000
602.561331	78.000000
607.697661	78.000000
612.847903	79.000000
617.999513	79.000000
623.138228	79.000000
628.289505	80.000000
633.439509	80.000000
638.576438	81.000000
643.728074	81.000000
648.880330	82.000000
654.047662	82.000000
659.201416	82.000000
664.338218	83.000000
669.488234	83.000000
674.640210	84.000000
679.794177	84.000000
684.929554	85.000000
690.080296	85.000000
695.216310	85.000000
700.367827	86.000000
705.535793	86.000000
710.690225	87.000000
715.841845	87.000000
721.009080	88.000000
726.144452	88.000000
731.295964	89.000000
736.450016	89.000000
741.615877	89.000000
746.767758	90.000000
751.936912	90.000000
757.106099	91.000000
762.255876	91.000000
767.407993	92.000000
772.544352	92.000000
777.696953	92.000000
782.864321	93.000000
788.016284	93.000000
793.184464	94.000000
798.337217	94.000000
803.489713	95.000000
808.656382	95.000000
813.808397	95.000000
818.978564	96.000000
824.143776	96.000000
829.297641	97.000000
834.432406	97.000000
839.583734	98.000000
844.752489	98.000000
849.905790	98.000000
855.057966	99.000000
860.223875	99.000000
865.376459	100.000000
870.513963	100.000000
875.666328	101.000000
880.832413	101.000000
885.985856	102.000000
891.135779	102.000000
896.272407	102.000000
901.441593	103.000000
906.592453	103.000000
911.744514	104.000000
916.896956	104.000000
922.066310	105.000000
927.216436	105.000000
932.384191	105.000000
937.536964	106.000000
942.673629	106.000000
947.826495	107.000000
952.992434	107.000000
958.146044	108.000000
963.280415	108.000000
968.432614	108.000000
973.583809	109.000000
978.738454	109.000000
983.921267	110.000000
989.072227	110.000000
994.224011	111.000000
999.362616	111.000000
1004.513121	111.000000
1009.663874	112.000000
1014.801649	112.000000
1019.952621	113.000000
1025.106421	113.000000
1030.240133	114.000000
1035.391870	114.000000
1040.544364	115.000000
1045.680090	115.000000
1050.834402	115.000000
1055.984506	116.000000
1061.169923	116.000000
1066.321016	117.000000
1071.474414	117.000000
1076.641864	118.000000
1081.794250	118.000000
1086.944231	118.000000
1092.080688	119.000000
1097.233472	119.000000
1102.385648	120.000000
1107.553926	120.000000
1112.705768	121.000000
1117.872485	121.000000
1123.008209	121.000000
1128.160032	122.000000
1133.313754	122.000000
1138.482467	123.000000
1143.634521	123.000000
1148.800519	124.000000
1153.952719	124.000000
1159.087758	124.000000
1164.240009	125.000000
1169.393672	125.000000
1174.561164	126.000000
1179.712680	126.000000
1184.882440	127.000000
1190.031891	127.000000
1195.169994	128.000000
1200.321891	128.000000
1205.474059	128.000000
1210.640614	129.000000
1215.793622	129.000000
1220.959777	130.000000
1226.112576	130.000000
1231.248065	131.000000
1236.400611	131.000000
1241.554457	131.000000
1246.720217	132.000000
1251.857949	132.000000
1257.008126	133.000000
1262.160152	133.000000
1267.296784	134.000000
1272.449669	134.000000
1277.599920	134.000000
1282.737298	135.000000
1287.887866	135.000000
1293.040666	136.000000
1298.177862	136.000000
1303.328607	137.000000
1308.481909	137.000000
1313.632484	138.000000
1318.768043	138.000000
1323.920658	138.000000
1329.056540	139.000000
1334.210040	139.000000
1339.376573	140.000000
1344.529376	140.000000
1349.697811	141.000000
1354.848136	141.000000
1360.017210	141.000000
1365.169427	142.000000
1370.336784	142.000000
1375.488702	143.000000
1380.642028	143.000000
1385.808158	144.000000
1390.961544	144.000000
1396.130127	144.000000
1401.280414	145.000000
1406.416673	145.000000
1411.568688	146.000000
1416.706276	146.000000
1421.856760	147.000000
1427.025787	147.000000
1432.176605	147.000000
1437.328546	148.000000
1442.496662	148.000000
1447.666361	149.000000
1452.849433	149.000000
1457.985572	150.000000
1463.137980	150.000000
1468.305781	151.000000
1473.456620	151.000000
1478.608678	151.000000
1483.744419	152.000000
1488.898054	152.000000
1494.064070	153.000000
1499.217937	153.000000
1504.384842	154.000000
1509.537658	154.000000
1514.705605	154.000000
1519.856447	155.000000
1524.994748	155.000000
1530.144757	156.000000
1535.297177	156.000000
1540.464675	157.000000
1545.616960	157.000000
1550.786528	157.000000
1555.936864	158.000000
1561.106246	158.000000
1566.256607	159.000000
1571.394662	159.000000
1576.546002	160.000000
1581.697011	160.000000
1586.864667	160.000000
1592.015969	161.000000
1597.152201	161.000000
1602.321281	162.000000
1607.472565	162.000000
1612.625328	163.000000
1617.793830	163.000000
1622.944937	164.000000
1628.096416	164.000000
1633.266627	164.000000
1638.434246	165.000000
1643.584339	165.000000
1648.720392	166.000000
1653.872567	166.000000
1659.025521	167.000000
1664.193486	167.000000
1669.345318	167.000000
1674.512527	168.000000
1679.666315	168.000000
1684.832576	169.000000
1689.986134	169.000000
1695.154778	170.000000
1700.304825	170.000000
1705.473694	170.000000
1710.640254	171.000000
1715.809795	171.000000
1720.961514	172.000000
1726.114817	172.000000
1731.282097	173.000000
1736.432902	173.000000
1741.602880	174.000000
1746.752484	174.000000
1751.921879	174.000000
1757.088871	175.000000
1762.272273	175.000000
1767.442857	176.000000
1772.577937	176.000000
1777.728787	177.000000
1782.896883	177.000000
1788.048775	177.000000
1793.200103	178.000000
1798.338029	178.000000
1803.489460	179.000000
1808.642957	179.000000
1813.809832	180.000000
1818.961863	180.000000
1824.096432	180.000000
1829.250118	181.000000
1834.400712	181.000000
1839.568405	182.000000
1844.722203	182.000000
1849.856661	183.000000
1855.009766	183.000000
1860.176291	183.000000
1865.344746	184.000000
1870.496582	184.000000
1875.665293	185.000000
1880.817988	185.000000
1885.968229	186.000000
1891.121778	186.000000
1896.258866	187.000000
1901.425761	187.000000
1906.577762	187.000000
1911.744217	188.000000
1916.897032	188.000000
1922.066506	189.000000
1927.249473	189.000000
1932.384424	190.000000
1937.536995	190.000000
1942.704833	190.000000
1947.856645	191.000000
1953.008411	191.000000
1958.176897	192.000000
1963.344490	192.000000
1968.512561	193.000000
1973.665947	193.000000
1978.834301	193.000000
1983.985002	194.000000
1989.137283	194.000000
1994.272962	195.000000
1999.426898	195.000000
2004.594950	196.000000
2009.777027	196.000000
2014.944446	197.000000
2020.112849	197.000000
2025.282573	197.000000
2030.434261	198.000000
2035.584787	198.000000
2040.753416	199.000000
2045.920829	199.000000
2051.072242	200.000000
2056.241152	200.000000
2061.392440	200.000000
2066.562150	201.000000
2071.713147	201.000000
2076.881667	202.000000
2082.032445	202.000000
2087.185127	203.000000
2092.353747	203.000000
2097.520668	203.000000
2102.673907	204.000000
2107.826296	204.000000
2112.993898	205.000000
2118.160652	205.000000
2123.329030	206.000000
2128.481649	206.000000
2133.666968	207.000000
2138.833082	207.000000
2144.001470	207.000000
2149.168530	208.000000
2154.321685	208.000000
2159.488833	209.000000
2164.656547	209.000000
2169.808569	210.000000
2174.961978	210.000000
2180.113517	210.000000
2185.250196	211.000000
2190.403006	211.000000
2195.552821	212.000000
2200.690125	212.000000
2205.840638	213.000000
2211.009017	213.000000
2216.178581	213.000000
2221.330448	214.000000
2226.497095	214.000000
2231.650439	215.000000
2236.802259	215.000000
2241.970366	216.000000
2247.138588	216.000000
2252.290052	216.000000
2257.457788	217.000000
2262.608381	217.000000
2267.778171	218.000000
2272.931127	218.000000
2278.096491	219.000000
2283.249746	219.000000
2288.384636	220.000000
2293.536482	220.000000
2298.704755	220.000000
2303.856829	221.000000
2309.025585	221.000000
2314.177102	222.000000
2319.344937	222.000000
2324.496840	223.000000
2329.666289	223.000000
2334.833673	223.000000
2339.985772	224.000000
2345.137742	224.000000
2350.290098	225.000000
2355.458915	225.000000
2360.625330	226.000000
2365.778965	226.000000
2370.913304	226.000000
2376.065246	227.000000
2381.217867	227.000000
2386.384870	228.000000
2391.536522	228.000000
2396.705980	229.000000
2401.856594	229.000000
2407.025669	230.000000
2412.193164	230.000000
2417.345321	230.000000
2422.497831	231.000000
2427.633939	231.000000
2432.785210	232.000000
2437.938246	232.000000
2443.074589	233.000000
2448.225245	233.000000
2453.394234	233.000000
2458.545201	234.000000
2463.712845	234.000000
2468.897006	235.000000
2474.065859	235.000000
2479.202770	236.000000
2484.352945	236.000000
2489.504759	236.000000
2494.640916	237.000000
2499.793349	237.000000
2504.945241	238.000000
2510.081138	238.000000
2515.232705	239.000000
2520.402278	239.000000
2525.552629	239.000000
2530.706485	240.000000
2535.841198	240.000000
2540.993326	241.000000
2546.145796	241.000000
2551.280642	242.000000
2556.434803	242.000000
2561.586462	243.000000
2566.721642	243.000000
2571.874366	243.000000
2577.025573	244.000000
2582.162498	244.000000
2587.331281	245.000000
2592.480718	245.000000
2597.648984	246.000000
2602.802472	246.000000
2607.953793	246.000000
2613.122577	247.000000
2618.273058	247.000000
2623.441244	248.000000
2628.593632	248.000000
2633.729411	249.000000
2638.880873	249.000000
2644.034301	249.000000
2649.202322	250.000000
2654.353409	250.000000
2659.521716	250.000000
2664.673019	250.000000
2669.811159	250.000000
2674.963106	250.000000
2680.131440	250.000000
2685.298395	250.000000
2690.449512	250.000000
2695.602478	250.000000
2700.769381	250.000000
2705.922176	250.000000
2711.075135	250.000000
2716.209114	250.000000
2721.361294	250.000000
2726.512733	250.000000
2731.681304	250.000000
2736.833801	250.000000
2742.002723	250.000000
2747.170665	250.000000
2752.321472	250.000000
2757.489078	250.000000
2762.641386	250.000000
2767.810720	250.000000
2772.977787	250.000000
2778.128737	250.000000
2783.282524	250.000000
2788.418880	250.000000
2793.553336	250.000000
2798.691264	250.000000
2803.856844	250.000000
2809.011276	250.000000
2814.163437	250.000000
2819.331272	250.000000
2824.496616	250.000000
2829.651031	250.000000
2834.816605	250.000000
2839.986404	250.000000
2845.138761	250.000000
2850.306859	250.000000
2855.459383	250.000000
2860.626341	250.000000
2865.778661	250.000000
2870.944727	250.000000
2876.097130	250.000000
2881.249005	250.000000
2886.417521	250.000000
2891.568711	250.000000
2896.705445	250.000000
2901.858924	250.000000
2907.011310	250.000000
2912.178933	250.000000
2917.345353	250.000000
2922.498200	250.000000
2927.635469	250.000000
2932.785683	250.000000
2937.938228	250.000000
2943.074504	250.000000
2948.240760	250.000000
2953.393405	250.000000
2958.547377	250.000000
2963.698256	250.000000
2968.835409	250.000000
2973.987031	250.000000
2979.137366	250.000000
2984.273495	250.000000
2989.425650	250.000000
2994.578012	250.000000
2999.745643	250.000000
3004.896876	250.000000
3010.034605	250.000000
3015.185505	250.000000
3020.338101	250.000000
3025.489360	250.000000
3030.626751	250.000000
3035.778810	250.000000
3040.913431	250.000000
3046.066395	250.000000
3051.233984	250.000000
3056.385417	250.000000
3061.537440	250.000000
3066.674104	250.000000
3071.826284	250.000000
3076.994205	250.000000
3082.145370	250.000000
3087.297182	250.000000
3092.435454	250.000000
3097.585373	250.000000
3102.737577	250.000000
3107.873463	250.000000
3113.026368	250.000000
3118.193727	250.000000
3123.345206	250.000000
3128.481565	250.000000
3133.634546	250.000000
3138.786881	250.000000
3143.921534	250.000000
3149.074786	250.000000
3154.240855	250.000000
3159.392701	250.000000
3164.546569	250.000000
3169.681139	250.000000
3174.833649	250.000000
3179.985238	250.000000
3185.122270	250.000000
3190.274506	250.000000
3195.441626	250.000000
3200.594755	250.000000
3205.746558	250.000000
3210.881109	250.000000
3216.033109	250.000000
3221.187107	250.000000
3226.353039	250.000000
3231.505515	250.000000
3236.641242	250.000000
3241.793424	250.000000
3246.947376	250.000000
3252.112990	251.000000
3257.266195	252.000000
3262.434021	253.000000
3267.585129	254.000000
3272.736973	254.000000
3277.890453	255.000000
3283.075380	256.000000
3288.209258	257.000000
3293.361345	257.000000
3298.512992	258.000000
3303.650234	259.000000
3308.801560	260.000000
3313.953612	261.000000
3319.090582	261.000000
3324.241761	262.000000
3329.393671	263.000000
3334.562238	264.000000
3339.713623	265.000000
3344.851411	265.000000
3350.001382	266.000000
3355.153764	267.000000
3360.321682	268.000000
3365.473052	269.000000
3370.641562	269.000000
3375.793579	270.000000
3380.961633	271.000000
3386.129595	272.000000
3391.296849	273.000000
3396.449155	273.000000
3401.602528	274.000000
3406.736979	275.000000
3411.889377	276.000000
3417.041112	277.000000
3422.225713	277.000000
3427.379092	278.000000
3432.529613	279.000000
3437.681675	280.000000
3442.850208	281.000000
3448.018700	281.000000
3453.187006	282.000000
3458.369154	283.000000
3463.537657	284.000000
3468.689682	285.000000
3473.827363	285.000000
3478.977759	286.000000
3484.129358	287.000000
3489.297208	288.000000
3494.465466	289.000000
3499.618577	289.000000
3504.770229	290.000000
3509.906421	291.000000
3515.058352	292.000000
3520.209383	293.000000
3525.345531	293.000000
3530.498929	294.000000
3535.649771	295.000000
3540.787250	296.000000
3545.937103	297.000000
3551.091175	297.000000
3556.225390	298.000000
3561.377716	299.000000
3566.530507	300.000000
3571.681692	300.000000
3576.817099	301.000000
3581.970764	302.000000
3587.107769	303.000000
3592.259456	304.000000
3597.441423	304.000000
3602.593581	305.000000
3607.746568	306.000000
3612.899812	307.000000
3618.033845	308.000000
3623.185270	308.000000
3628.339102	309.000000
3633.474478	310.000000
3638.626779	311.000000
3643.777743	312.000000
3648.931556	312.000000
3654.081818	313.000000
3659.235853	314.000000
3664.386666	315.000000
3669.537397	316.000000
3674.689594	316.000000
3679.858982	317.000000
3685.009779	318.000000
3690.146612	319.000000
3695.298960	320.000000
3700.465485	320.000000
3705.617762	321.000000
3710.787688	322.000000
3715.937009	323.000000
3721.089843	323.000000
3726.259068	324.000000
3731.425129	325.000000
3736.577776	326.000000
3741.747315	327.000000
3746.881636	327.000000
3752.035681	328.000000
3757.185466	329.000000
3762.353344	330.000000
3767.521870	331.000000
3772.674527	331.000000
3777.843830	332.000000
3783.009928	333.000000
3788.161336	334.000000
3793.330196	335.000000
3798.482069	335.000000
3803.650501	336.000000
3808.801396	337.000000
3813.953836	338.000000
3819.121102	339.000000
3824.289367	339.000000
3829.443227	340.000000
3834.594307	341.000000
3839.761926	342.000000
3844.914953	343.000000
3850.081850	343.000000
3855.234230	344.000000
3860.403257	345.000000
3865.553729	346.000000
3870.723435	347.000000
3875.859064	347.000000
3881.010634	348.000000
3886.163619	349.000000
3891.329468	350.000000
3896.481507	351.000000
3901.635472	351.000000
3906.785925	352.000000
3911.937079	353.000000
3917.073500	354.000000
3922.209844	354.000000
3927.361228	355.000000
3932.499828	356.000000
3937.650045	357.000000
3942.803330	358.000000
3947.971874	358.000000
3953.121858	359.000000
3958.259548	360.000000
3963.411129	361.000000
3968.578090	362.000000
3973.729533	362.000000
3978.897990	363.000000
3984.051541	364.000000
3989.202172	365.000000
3994.369881	366.000000
3999.521398	366.000000
4004.690881	367.000000
4009.826809	368.000000
4014.978862	369.000000
4020.131662	370.000000
4025.298985	370.000000
4030.465996	371.000000
4035.618653	372.000000
4040.771216	373.000000
4045.937160	374.000000
4051.107562	374.000000
4056.258911	375.000000
4061.425469	376.000000
4066.579074	377.000000
4071.730045	378.000000
4076.897917	378.000000
4082.050088	379.000000
4087.186412	380.000000
4092.338093	381.000000
4097.490849	382.000000
4102.658776	382.000000
4107.827928	383.000000
4112.993444	384.000000
4118.147958	385.000000
4123.329519	386.000000
4128.465465	386.000000
4133.618494	387.000000
4138.785686	388.000000
4143.939284	389.000000
4149.106916	390.000000
4154.274045	390.000000
4159.425790	391.000000
4164.593677	392.000000
4169.746203	393.000000
4174.881459	394.000000
4180.034101	394.000000
4185.186529	395.000000
4190.355174	396.000000
4195.505779	397.000000
4200.641872	398.000000
4205.795829	398.000000
4210.946571	399.000000
4216.115842	400.000000
4221.281467	401.000000
4226.435482	401.000000
4231.585427	402.000000
4236.721756	403.000000
4241.875827	404.000000
4247.026019	405.000000
4252.193717	405.000000
4257.346575	406.000000
4262.484216	407.000000
4267.635684	408.000000
4272.803300	409.000000
4277.953859	409.000000
4283.089536	410.000000
4288.243398	411.000000
4293.395780	412.000000
4298.531409	413.000000
4303.681707	413.000000
4308.834450	414.000000
4313.969341	415.000000
4319.122498	416.000000
4324.275955	417.000000
4329.443616	417.000000
4334.594126	418.000000
4339.731244	419.000000
4344.881423	420.000000
4350.034115	421.000000
4355.169988	421.000000
4360.321673	422.000000
4365.475902	423.000000
4370.643739	424.000000
4375.793579	424.000000
4380.962577	425.000000
4386.113415	426.000000
4391.249385	427.000000
4396.403563	428.000000
4401.554296	428.000000
4406.689971	429.000000
4411.842090	430.000000
4416.994092	431.000000
4422.131330	432.000000
4427.281365	432.000000
4432.434272	433.000000
4437.571357	434.000000
4442.724218	435.000000
4447.876135	436.000000
4453.043894	436.000000
4458.209867	437.000000
4463.361864	438.000000
4468.499851	439.000000
4473.650130	440.000000
4478.803810	440.000000
4483.971445	441.000000
4489.122289	442.000000
4494.289613	443.000000
4499.443287	444.000000
4504.628100	444.000000
4509.778348	445.000000
4514.931657	446.000000
4520.082291	447.000000
4525.250226	448.000000
4530.401427	448.000000
4535.537907	449.000000
4540.689762	450.000000
4545.841712	451.000000
4550.977886	452.000000
4556.130159	452.000000
4561.281825	453.000000
4566.418327	454.000000
4571.572153	455.000000
4576.739452	455.000000
4581.890112	456.000000
4587.059795	457.000000
4592.210265	458.000000
4597.346301	459.000000
4602.498390	459.000000
4607.650241	460.000000
4612.787444	461.000000
4617.937755	462.000000
4623.089984	463.000000
4628.225706	463.000000
4633.377845	464.000000
4638.529598	465.000000
4643.667670	466.000000
4648.818779	467.000000
4653.969731	467.000000
4659.122846	468.000000
4664.290180	469.000000
4669.426236	470.000000
4674.577909	471.000000
4679.729807	471.000000
4684.865449	472.000000
4690.019409	473.000000
4695.172145	474.000000
4700.306560	475.000000
4705.459711	475.000000
4710.611646	476.000000
4715.747914	477.000000
4720.898974	478.000000
4726.050235	479.000000
4731.186761	479.000000
4736.338014	480.000000
4741.491434	481.000000
4746.657958	482.000000
4751.811600	483.000000
4756.978829	483.000000
4762.130472	484.000000
4767.266933	485.000000
4772.420374	486.000000
4777.571579	486.000000
4782.737749	487.000000
4787.875380	488.000000
4793.026453	489.000000
4798.178293	490.000000
4803.313846	490.000000
4808.466108	491.000000
4813.617869	492.000000
4818.755764	493.000000
4823.907296	494.000000
4829.058314	494.000000
4834.193986	495.000000
4839.364233	496.000000
4844.515661	497.000000
4849.666313	498.000000
4854.818306	498.000000
4859.955733	499.000000
4865.121721	500.000000
4870.274486	501.000000
4875.427547	502.000000
4880.579566	502.000000
4885.747604	503.000000
4890.899321	504.000000
4896.067194	505.000000
4901.218904	506.000000
4906.385994	506.000000
4911.537828	507.000000
4916.674334	508.000000
4921.827117	509.000000
4926.963104	509.000000
4932.115359	510.000000
4937.266932	511.000000
4942.435812	512.000000
4947.587107	513.000000
4952.724327	513.000000
4957.874203	514.000000
4963.025725	515.000000
4968.193778	516.000000
4973.347444	517.000000
4978.515669	518.000000
4983.667105	518.000000
4988.802289	519.000000
4993.955751	520.000000
4999.105891	521.000000
5004.258233	521.000000
5009.426878	522.000000
5014.563466	523.000000
5019.715747	524.000000
5024.866304	525.000000
5030.001968	525.000000
5035.154391	525.000000
5040.306842	525.000000
5045.441920	525.000000
5050.595487	525.000000
5055.762620	525.000000
5060.916359	525.000000
5066.049943	525.000000
5071.202116	525.000000
5076.354403	525.000000
5081.521993	525.000000
5086.674225	525.000000
5091.810241	525.000000
5096.961786	525.000000
5102.114276	525.000000
5107.249731	525.000000
5112.403414	525.000000
5117.537714	525.000000
5122.690419	525.000000
5127.842588	525.000000
5133.009982	525.000000
5138.161942	525.000000
5143.316536	525.000000
5148.481909	525.000000
5153.634434	525.000000
5158.802461	525.000000
5163.953737	525.000000
5169.092177	525.000000
5174.243425	525.000000
5179.394459	525.000000
5184.530487	525.000000
5189.684197	525.000000
5194.850346	525.000000
5200.002471	525.000000
5205.156575	525.000000
5210.338289	525.000000
5215.491604	525.000000
5220.659519	525.000000
5225.810621	525.000000
5230.961885	525.000000
5236.099436	525.000000
5241.251439	525.000000
5246.403662	525.000000
5251.571153	525.000000
5256.724056	525.000000
5261.860568	525.000000
5267.009953	525.000000
5272.162089	525.000000
5277.299946	525.000000
5282.450351	525.000000
5287.602005	525.000000
5292.740253	525.000000
5297.907132	525.000000
5303.059082	525.000000
5308.212508	525.000000
5313.363842	525.000000
5318.530997	525.000000
5323.666066	525.000000
5328.817679	525.000000
5333.971095	525.000000
5339.108515	525.000000
5344.258904	525.000000
5349.411748	525.000000
5354.547867	525.000000
5359.698830	525.000000
5364.849966	525.000000
5370.018130	525.000000
5375.170193	525.000000
5380.306898	525.000000
5385.458277	525.000000
5390.612315	525.000000
5395.779560	525.000000
5400.931489	525.000000
5406.066833	525.000000
5411.217898	525.000000
5416.372266	525.000000
5421.539633	525.000000
5426.690580	525.000000
5431.828568	525.000000
5436.979071	525.000000
5442.130560	525.000000
5447.297891	525.000000
5452.452776	525.000000
5457.587594	525.000000
5462.739474	525.000000
5467.890606	525.000000
5473.026618	525.000000
5478.178149	525.000000
5483.330472	525.000000
5488.466239	525.000000
5493.619918	525.000000
5498.754413	525.000000
5503.906341	525.000000
5509.057930	525.000000
5514.196465	525.000000
5519.346817	525.000000
5524.499718	525.000000
5529.650434	525.000000
5534.818818	525.000000
5539.956013	525.000000
5545.106313	525.000000
5550.259878	525.000000
5555.426795	525.000000
5560.577920	525.000000
5565.747373	525.000000
5570.897954	525.000000
5576.035602	525.000000
5581.186604	525.000000
5586.338670	525.000000
5591.474339	525.000000
5596.626798	525.000000
5601.780417	525.000000
5606.914759	525.000000
5612.068132	525.000000
5617.218806	525.000000
5622.356544	525.000000
5627.505931	525.000000
5632.658769	525.000000
5637.795600	525.000000
5642.948050	525.000000
5648.114559	525.000000
5653.267761	525.000000
5658.434242	525.000000
5663.587706	525.000000
5668.754885	525.000000
5673.906600	525.000000
5679.075443	525.000000
5684.226092	525.000000
5689.364008	525.000000
5694.515516	525.000000
5699.684518	525.000000
5704.834282	525.000000
5709.987852	525.000000
5715.154288	525.000000
5720.307914	525.000000
5725.475497	525.000000
5730.628523	525.000000
5735.794594	525.000000
5740.931031	525.000000
5746.083717	525.000000
5751.235667	525.000000
5756.371249	525.000000
5761.522942	525.000000
5766.675929	525.000000
5771.811400	525.000000
5776.962598	525.000000
5782.114095	525.000000
5787.250416	525.000000
5792.402410	525.000000
5797.556603	525.000000
5802.724138	525.000000
5807.875569	525.000000
5813.010971	525.000000
5818.162251	525.000000
5823.314755	525.000000
5828.450897	525.000000
5833.602334	525.000000
5838.756285	525.000000
5843.892266	525.000000
5849.044514	525.000000
5854.194860	525.000000
5859.330380	525.000000
5864.483623	525.000000
5869.634917	525.000000
5874.802505	525.000000
5879.954321	525.000000
5885.122492	525.000000
5890.275429	525.000000
5895.443937	525.000000
5900.578372	525.000000
5905.731047	525.000000
5910.882475	525.000000
5916.020261	525.000000
5921.171402	525.000000
5926.322633	525.000000
5931.458834	525.000000
5936.611696	525.000000
5941.764306	525.000000
5946.899977	525.000000
5952.050630	525.000000
5957.203082	525.000000
5962.371576	525.000000
5967.522606	525.000000
5972.675571	525.000000
5977.826966	525.000000
5982.978266	525.000000
5988.130181	525.000000
5993.284534	525.000000
5998.450959	525.000000
6003.618666	525.000000
6008.770557	525.000000
6013.907889	525.000000
6019.059461	525.000000
6024.211594	525.000000
6029.379006	525.000000
6034.530248	525.000000
6039.698984	525.000000
6044.852862	525.000000
6049.987961	525.000000
6055.140131	525.000000
6060.290282	525.000000
6065.458820	525.000000
6070.610624	525.000000
6075.778982	525.000000
6080.930438	525.000000
6086.101083	525.000000
6091.266904	525.000000
6096.418620	525.000000
6101.554394	525.000000
6106.706433	525.000000
6111.858824	525.000000
6117.028049	525.000000
6122.178194	525.000000
6127.347016	525.000000
6132.498918	525.000000
6137.635674	525.000000
6142.786770	525.000000
6147.939607	525.000000
6153.090682	525.000000
6158.258938	525.000000
6163.395599	525.000000
6168.548216	525.000000
6173.700932	525.000000
6178.869052	525.000000
6184.034791	525.000000
6189.187492	525.000000
6194.354483	525.000000
6199.509074	525.000000
6204.675116	525.000000
6209.827757	525.000000
6214.994648	525.000000
6220.146635	525.000000
6225.316334	525.000000
6230.468938	525.000000
6235.635209	525.000000
6240.786439	525.000000
6245.954996	525.000000
6251.107514	525.000000
6256.274739	525.000000
6261.410295	525.000000
6266.563583	525.000000
6271.714491	525.000000
6276.852181	525.000000
6282.003134	525.000000
6287.155915	525.000000
6292.324514	525.000000
6297.476000	525.000000
6302.644265	525.000000
6307.795091	525.000000
6312.962407	525.000000
6318.114917	525.000000
6323.252825	525.000000
6328.403680	525.000000
6333.554389	525.000000
6338.690327	525.000000
6343.843720	525.000000
6348.995249	525.000000
6354.162421	525.000000
6359.316890	525.000000
6364.452608	525.000000
6369.602614	525.000000
6374.740438	525.000000
6379.892356	525.000000
6385.044269	525.000000
6390.212758	525.000000
6395.362432	525.000000
6400.499012	525.000000
6405.652179	525.000000
6410.818493	525.000000
6415.970626	525.000000
6421.122869	525.000000
6426.259021	525.000000
6431.412388	525.000000
6436.580251	525.000000
6441.730734	525.000000
6446.884559	525.000000
6452.018378	525.000000
6457.170739	525.000000
6462.324631	525.000000
6467.459123	525.000000
6472.610945	525.000000
6477.779322	525.000000
6482.931108	525.000000
6488.100556	525.000000
6493.282596	525.000000
6498.450589	525.000000
6503.588651	525.000000
6508.738444	525.000000
6513.890530	525.000000
6519.061201	525.000000
6524.212507	525.000000
6529.349129	525.000000
6534.499034	525.000000
6539.651241	525.000000
6544.803085	525.000000
6549.955809	525.000000
6555.107388	525.000000
6560.259832	525.000000
6565.427122	525.000000
6570.580628	525.000000
6575.746669	525.000000
6580.899757	525.000000
6586.035938	525.000000
6591.186497	525.000000
6596.354539	525.000000
6601.509093	525.000000
6606.675413	525.000000
6611.827730	525.000000
6616.979208	525.000000
6622.147320	525.000000
6627.298999	525.000000
6632.468470	525.000000
6637.618855	525.000000
6642.787004	525.000000
6647.922621	525.000000
6653.059012	525.000000
6658.229048	525.000000
6663.395795	525.000000
6668.549148	525.000000
6673.684216	525.000000
6678.834543	525.000000
6684.003022	525.000000
6689.140632	525.000000
6694.275454	525.000000
6699.427947	525.000000
6704.562939	525.000000
6709.716907	525.000000
6714.868323	525.000000
6720.004409	525.000000
6725.156412	525.000000
6730.306628	525.000000
6735.442726	525.000000
6740.594613	525.000000
6745.749017	525.000000
6750.916559	525.000000
6756.068528	525.000000
6761.234671	525.000000
6766.387985	525.000000
6771.522995	525.000000
6776.675048	525.000000
6781.827868	525.000000
6786.962682	525.000000
6792.115545	525.000000
6797.251256	525.000000
6802.403280	525.000000
6807.555713	525.000000
6812.723285	525.000000
6817.875374	525.000000
6823.011871	525.000000
6828.162502	525.000000
6833.314735	525.000000
6838.450798	525.000000
6843.604597	525.000000
6848.757425	525.000000
6853.891262	525.000000
6859.042584	525.000000
6864.194702	525.000000
6869.331139	525.000000
6874.483835	525.000000
6879.635433	525.000000
6884.773094	525.000000
6889.922567	525.000000
6895.075344	525.000000
6900.212205	525.000000
6905.363416	525.000000
6910.516889	525.000000
6915.684220	525.000000
6920.835280	525.000000
6925.973355	525.000000
6931.123148	525.000000
6936.275650	525.000000
6941.427302	525.000000
6946.580254	525.000000
6951.730782	525.000000
6956.869037	525.000000
6962.018666	525.000000
6967.171368	525.000000
6972.325350	525.000000
6977.459147	525.000000
6982.613470	525.000000
6987.763156	525.000000
6992.931349	525.000000
6998.083114	525.000000
7003.219444	525.000000
7008.371408	525.000000
7013.523533	525.000000
7018.677454	525.000000
7023.812083	525.000000
7028.965381	525.000000
7034.099180	525.000000
7039.251189	525.000000
7044.403105	525.000000
7049.539393	525.000000
7054.693427	525.000000
7059.858767	525.000000
7065.010942	525.000000
7070.180890	525.000000
7075.332576	525.000000
7080.482576	525.000000
7085.619047	525.000000
7090.771918	525.000000
7095.923440	525.000000
7101.060122	525.000000
7106.211399	525.000000
7111.346581	525.000000
7116.499129	525.000000
7121.653401	525.000000
7126.787342	525.000000
7131.939488	525.000000
7137.108472	525.000000
7142.259123	525.000000
7147.427548	525.000000
7152.580373	525.000000
7157.733465	525.000000
7162.868680	525.000000
7168.019416	525.000000
7173.171323	525.000000
7178.307686	525.000000
7183.459105	525.000000
7188.612610	525.000000
7193.747569	525.000000
7198.899141	525.000000
7204.050801	525.000000
7209.188286	525.000000
7214.355585	525.000000
7219.508558	525.000000
7224.674967	525.000000
7229.827074	525.000000
7234.979011	525.000000
7240.131501	525.000000
7245.268584	525.000000
7250.418875	525.000000
7255.556661	525.000000
7260.708204	525.000000
7265.859244	525.000000
7270.997404	525.000000
7276.149434	525.000000
7281.299248	525.000000
7286.467476	525.000000
7291.619808	525.000000
7296.755496	525.000000
7301.923557	525.000000
7307.075778	525.000000
7312.228851	525.000000
7317.380182	525.000000
7322.516908	525.000000
7327.668665	525.000000
7332.819394	525.000000
7337.957041	525.000000
7343.106871	525.000000
7348.258884	525.000000
7353.428529	525.000000
7358.580345	525.000000
7363.731300	525.000000
7368.885505	525.000000
7374.036579	525.000000
7379.189669	525.000000
7384.324426	525.000000
7389.475046	525.000000
7394.627011	525.000000
7399.763685	525.000000
7404.916403	525.000000
7410.068454	525.000000
7415.203573	525.000000
7420.355856	525.000000
7425.508449	525.000000
7430.675446	525.000000
7435.827767	525.000000
7440.963125	525.000000
7446.115793	525.000000
7451.267038	525.000000
7456.420292	525.000000
7461.557443	525.000000
7466.707637	525.000000
7471.843585	525.000000
7476.996648	525.000000
7482.147401	525.000000
7487.285720	525.000000
7492.437093	525.000000
7497.603040	525.000000
7502.755773	525.000000
7507.924058	525.000000
7513.075470	525.000000
7518.210813	525.000000
7523.364934	525.000000
7528.515265	525.000000
7533.668931	525.000000
7538.803810	525.000000
7543.955916	525.000000
7549.093041	525.000000
7554.243534	525.000000
7559.397563	525.000000
7564.531277	525.000000
7569.683636	525.000000
7574.852643	525.000000
7580.003243	525.000000
7585.172981	525.000000
7590.324515	525.000000
7595.475804	525.000000
7600.611642	525.000000
7605.764546	525.000000
7610.915882	525.000000
7616.051432	525.000000
7621.204707	525.000000
7626.357792	525.000000
7631.524504	525.000000
7636.675878	525.000000
7641.812774	525.000000
7646.965187	525.000000
7652.116573	525.000000
7657.283943	525.000000
7662.420571	525.000000
7667.555453	525.000000
7672.709073	525.000000
7677.859276	525.000000
7683.013596	525.000000
7688.163854	525.000000
7693.301513	525.000000
7698.451609	525.000000
7703.603690	525.000000
7708.739321	525.000000
7713.893831	525.000000
7719.043143	525.000000
7724.178929	525.000000
7729.333638	525.000000
7734.483532	525.000000
7739.667855	525.000000
7744.819293	525.000000
7749.972193	525.000000
7755.139358	525.000000
7760.293522	525.000000
7765.459316	525.000000
7770.611435	525.000000
7775.749010	525.000000
7780.899414	525.000000
7786.051398	525.000000
7791.188938	525.000000
7796.339645	525.000000
7801.507869	525.000000
7806.659714	525.000000
7811.812584	525.000000
7816.980578	525.000000
7822.131389	525.000000
7827.269613	525.000000
7832.421256	525.000000
7837.572442	525.000000
7842.739455	525.000000
7847.893767	525.000000
7853.060668	525.000000
7858.212201	525.000000
7863.348748	525.000000
7868.501076	525.000000
7873.635602	525.000000
7878.787842	525.000000
7883.939121	525.000000
7889.075113	525.000000
7894.229561	525.000000
7899.379409	525.000000
7904.565874	525.000000
7909.716383	525.000000
7914.868278	525.000000
7920.019496	525.000000
7925.156436	525.000000
7930.307480	525.000000
7935.459399	525.000000
7940.597676	525.000000
7945.747971	525.000000
7950.899848	525.000000
7956.069841	525.000000
7961.220548	525.000000
7966.387542	525.000000
7971.539608	525.000000
7976.707768	525.000000
7981.877794	525.000000
7987.028290	525.000000
7992.211678	525.000000
7997.363641	525.000000
8002.515463	525.000000
8007.685864	525.000000
8012.836886	525.000000
8017.989896	525.000000
8023.125444	525.000000
8028.275826	525.000000
8033.427680	525.000000
8038.597941	525.000000
8043.764065	525.000000
8048.917610	525.000000
8054.085770	525.000000
8059.237180	525.000000
8064.372135	525.000000
8069.525569	525.000000
8074.676563	525.000000
8079.812468	525.000000
8084.948983	525.000000
8090.083430	525.000000
8095.236574	525.000000
8100.371125	525.000000
8105.523994	525.000000
8110.676620	525.000000
8115.811427	525.000000
8120.965178	525.000000
8126.115890	525.000000
8131.251929	525.000000
8136.404083	525.000000
8141.557915	525.000000
8146.725558	525.000000
8151.877889	525.000000
8157.045101	525.000000
8162.196728	525.000000
8167.365738	525.000000
8172.533894	525.000000
8177.683712	525.000000
8182.853601	525.000000
8188.005684	525.000000
8193.171655	525.000000
8198.325532	525.000000
8203.491689	525.000000
8208.643362	525.000000
8213.781202	525.000000
8218.931424	525.000000
8224.083483	525.000000
8229.219440	525.000000
8234.372379	525.000000
8239.524444	525.000000
8244.659947	525.000000
8249.813930	525.000000
8254.947741	525.000000
8260.115819	525.000000
8265.268979	525.000000
8270.420055	525.000000
8275.571664	525.000000
8280.709687	525.000000
8285.860137	525.000000
8291.013161	525.000000
8296.147891	525.000000
8301.300797	525.000000
8306.451427	525.000000
8311.603757	525.000000
8316.772076	525.000000
8321.908876	525.000000
8327.060020	525.000000
8332.213035	525.000000
8337.380318	525.000000
8342.531898	525.000000
8347.670015	525.000000
8352.820758	525.000000
8357.973469	525.000000
8363.109307	525.000000
8368.259696	525.000000
8373.411708	525.000000
8378.548883	525.000000
8383.699409	525.000000
8388.851932	525.000000
8394.021197	525.000000
8399.156310	525.000000
8404.309216	525.000000
8409.459652	525.000000
8414.612246	525.000000
8419.779331	525.000000
8424.916499	525.000000
8430.067648	525.000000
8435.219472	525.000000
8440.356051	525.000000
8445.510098	525.000000
8450.659558	525.000000
8455.796384	525.000000
8460.949040	525.000000
8466.100085	525.000000
8471.235626	525.000000
8476.387924	525.000000
8481.541310	525.000000
8486.709357	525.000000
8491.859534	525.000000
8496.997114	525.000000
8502.150212	525.000000
8507.300144	525.000000
8512.436603	525.000000
8517.603563	525.000000
8522.740088	525.000000
8527.876601	525.000000
8533.027677	525.000000
8538.181093	525.000000
8543.348764	525.000000
8548.517067	525.000000
8553.667540	525.000000
8558.804211	525.000000
8563.956008	525.000000
8569.109291	525.000000
8574.243999	525.000000
8579.398017	525.000000
8584.533274	525.000000
8589.683471	525.000000
8594.852547	525.000000
8600.005864	525.000000
8605.156153	525.000000
8610.307938	525.000000
8615.443512	525.000000
8620.595479	525.000000
8625.747611	525.000000
8630.885473	525.000000
8636.035694	525.000000
8641.189075	525.000000
8646.356149	525.000000
8651.493607	525.000000
8656.643804	525.000000
8661.796817	525.000000
8666.933646	525.000000
8672.100169	525.000000
8677.237813	525.000000
8682.373817	525.000000
8687.525820	525.000000
8692.676945	525.000000
8697.844240	525.000000
8702.995526	525.000000
8708.132283	525.000000
8713.283732	525.000000
8718.435467	525.000000
8723.605872	525.000000
8728.756048	525.000000
8733.924196	525.000000
8739.076389	525.000000
8744.212959	525.000000
8749.365478	525.000000
8754.515517	525.000000
8759.684191	525.000000
8764.821737	525.000000
8769.973660	525.000000
8775.125979	525.000000
8780.291904	525.000000
8785.443713	525.000000
8790.579940	525.000000
8795.733479	525.000000
8800.884444	525.000000
8806.022159	525.000000
8811.174185	525.000000
8816.341434	525.000000
8821.493516	525.000000
8826.645802	525.000000
8831.813438	525.000000
8836.966269	525.000000
8842.100045	525.000000
8847.251810	525.000000
8852.421995	525.000000
8857.571747	525.000000
8862.708098	525.000000
8867.862176	525.000000
8873.012356	525.000000
8878.181751	525.000000
8883.349174	525.000000
8888.500334	525.000000
8893.652241	525.000000
8898.819646	525.000000
8903.972280	525.000000
8909.107836	525.000000
8914.260890	525.000000
8919.412086	525.000000
8924.548956	525.000000
8929.700359	525.000000
8934.853072	525.000000
8940.021504	525.000000
8945.188918	525.000000
8950.341474	525.000000
8955.509534	525.000000
8960.659873	525.000000
8965.828962	525.000000
8970.982244	525.000000
8976.150240	525.000000
8981.316287	525.000000
8986.469446	525.000000
8991.621383	525.000000
8996.755803	525.000000
9001.909122	525.000000
9007.061172	525.000000
9012.229814	525.000000
9017.396874	525.000000
9022.549341	525.000000
9027.716432	525.000000
9032.870261	525.000000
9038.037669	525.000000
9043.189108	525.000000
9048.356962	525.000000
9053.508976	525.000000
9058.676322	525.000000
9063.845556	525.000000
9068.998361	525.000000
9074.132492	525.000000
9079.284337	525.000000
9084.437702	525.000000
9089.606269	525.000000
9094.755978	525.000000
9099.940248	525.000000
9105.092090	525.000000
9110.244394	525.000000
9115.412148	525.000000
9120.565443	525.000000
9125.717600	525.000000
9130.883842	525.000000
9136.052186	525.000000
9141.205780	525.000000
9146.374001	525.000000
9151.526390	525.000000
9156.692067	525.000000
9161.846393	525.000000
9167.014205	525.000000
9172.166397	525.000000
9177.332417	525.000000
9182.484407	525.000000
9187.621188	525.000000
9192.773563	525.000000
9197.926047	525.000000
9203.091901	525.000000
9208.244251	525.000000
9213.412457	525.000000
9218.549043	525.000000
9223.700275	525.000000
9228.853408	525.000000
9233.989006	525.000000
9239.139685	525.000000
9244.292530	525.000000
9249.428124	525.000000
9254.580432	525.000000
9259.734499	525.000000
9264.917846	525.000000
9270.067933	525.000000
9275.236473	525.000000
9280.389061	525.000000
9285.540398	525.000000
9290.691965	525.000000
9295.829297	525.000000
9300.981320	525.000000
9306.118575	525.000000
9311.267818	525.000000
9316.421610	525.000000
9321.556602	525.000000
9326.708435	525.000000
9331.859996	525.000000
9336.998468	525.000000
9342.149957	525.000000
9347.301461	525.000000
9352.453836	525.000000
9357.588145	525.000000
9362.740530	525.000000
9367.909249	525.000000
9373.061699	525.000000
9378.198062	525.000000
9383.347782	525.000000
9388.501686	525.000000
9393.669928	525.000000
9398.821695	525.000000
9403.989778	525.000000
9409.124450	525.000000
9414.275873	525.000000
9419.428521	525.000000
9424.565928	525.000000
9429.732673	525.000000
9434.884368	525.000000
9440.036536	525.000000
9445.189382	525.000000
9450.357962	525.000000
9455.509788	525.000000
9460.646136	525.000000
9465.796713	525.000000
9470.949423	525.000000
9476.083931	525.000000
9481.238668	525.000000
9486.388008	525.000000
9491.524560	524.000000
9496.676508	523.000000
9501.827808	522.000000
9506.980131	521.000000
9512.132691	521.000000
9517.286365	520.000000
9522.437113	519.000000
9527.573627	518.000000
9532.740553	517.000000
9537.894067	517.000000
9543.044367	516.000000
9548.197491	515.000000
9553.333398	514.000000
9558.484248	513.000000
9563.637829	513.000000
9568.772783	512.000000
9573.926300	511.000000
9579.077763	510.000000
9584.228379	509.000000
9589.380258	509.000000
9594.534546	508.000000
9599.684729	507.000000
9604.836761	506.000000
9609.988415	506.000000
9615.155829	505.000000
9620.293453	504.000000
9625.446620	503.000000
9630.597497	502.000000
9635.733496	502.000000
9640.884537	501.000000
9646.021574	500.000000
9651.174031	499.000000
9656.324826	498.000000
9661.478618	498.000000
9666.645491	497.000000
9671.781952	496.000000
9676.933270	495.000000
9682.085237	494.000000
9687.237987	494.000000
9692.373715	493.000000
9697.525420	492.000000
9702.660584	491.000000
9707.812597	490.000000
9712.980719	490.000000
9718.132332	489.000000
9723.286664	488.000000
9728.454446	487.000000
9733.606064	487.000000
9738.740501	486.000000
9743.893893	485.000000
9749.046024	484.000000
9754.181928	483.000000
9759.334591	483.000000
9764.484049	482.000000
9769.622151	481.000000
9774.772095	480.000000
9779.909904	479.000000
9785.062675	479.000000
9790.228848	478.000000
9795.380339	477.000000
9800.532825	476.000000
9805.669987	475.000000
9810.821524	475.000000
9815.988541	474.000000
9821.140440	473.000000
9826.293662	472.000000
9831.428665	471.000000
9836.582620	471.000000
9841.732785	470.000000
9846.868097	469.000000
9852.020484	468.000000
9857.172522	467.000000
9862.340834	467.000000
9867.493979	466.000000
9872.629281	465.000000
9877.780718	464.000000
9882.933640	463.000000
9888.100258	463.000000
9893.236559	462.000000
9898.389521	461.000000
9903.540535	460.000000
9908.678451	459.000000
9913.830235	459.000000
9918.980595	458.000000
9924.116869	457.000000
9929.267972	456.000000
9934.422010	455.000000
9939.590672	455.000000
9944.741940	454.000000
9949.877687	453.000000
9955.028467	452.000000
9960.182091	452.000000
9965.349297	451.000000
9970.502737	450.000000
9975.637276	449.000000
9980.790010	448.000000
9985.942007	448.000000
9991.078069	447.000000
9996.228583	446.000000
10001.381165	445.000000
10006.549272	444.000000
10011.684849	444.000000
10016.836667	443.000000
10021.990001	442.000000
10027.156870	441.000000
10032.310004	440.000000
10037.444417	440.000000
10042.597818	439.000000
10047.750323	438.000000
10052.884492	437.000000
10058.036812	436.000000
10063.189556	436.000000
10068.325296	435.000000
10073.478057	434.000000
10078.628761	433.000000
10083.765003	432.000000
10088.916011	432.000000
10094.068242	431.000000
10099.236866	430.000000
10104.388664	429.000000
10109.525492	429.000000
10114.676876	428.000000
10119.812345	427.000000
10124.982229	426.000000
10130.132502	425.000000
10135.286869	425.000000
10140.436879	424.000000
10145.572088	423.000000
10150.724237	422.000000
10155.878120	421.000000
10161.046856	421.000000
10166.212681	420.000000
10171.365809	419.000000
10176.518931	418.000000
10181.652869	417.000000
10186.804865	417.000000
10191.958878	416.000000
10197.125686	415.000000
10202.292750	414.000000
10207.446585	413.000000
10212.581722	413.000000
10217.734324	412.000000
10222.886900	411.000000
10228.053636	410.000000
10233.206587	409.000000
10238.373077	409.000000
10243.525650	408.000000
10248.692878	407.000000
10253.844613	406.000000
10258.981097	405.000000
10264.132713	405.000000
10269.284456	404.000000
10274.422321	403.000000
10279.572419	402.000000
10284.725591	401.000000
10289.892786	401.000000
10295.031081	400.000000
10300.180711	399.000000
10305.332273	398.000000
10310.468700	398.000000
10315.620386	397.000000
10320.772550	396.000000
10325.908474	395.000000
10331.060707	394.000000
10336.213933	394.000000
10341.365439	393.000000
10346.533899	392.000000
10351.668577	391.000000
10356.822268	390.000000
10361.972602	390.000000
10367.124717	389.000000
10372.261402	388.000000
10377.412416	387.000000
10382.549632	386.000000
10387.701061	386.000000
10392.868653	385.000000
10398.022117	384.000000
10403.172521	383.000000
10408.341094	382.000000
10413.479064	382.000000
10418.630447	381.000000
10423.780433	380.000000
10428.918198	379.000000
10434.069028	378.000000
10439.220552	378.000000
10444.374163	377.000000
10449.525554	376.000000
10454.677645	375.000000
10459.828219	374.000000
10464.982209	374.000000
10470.116427	373.000000
10475.269156	372.000000
10480.422162	371.000000
10485.557129	370.000000
10490.710420	370.000000
10495.862238	369.000000
10501.030225	368.000000
10506.180864	367.000000
10511.318072	366.000000
10516.468407	366.000000
10521.620386	365.000000
10526.756438	364.000000
10531.910986	363.000000
10537.060198	363.000000
10542.196665	362.000000
10547.365705	361.000000
10552.516973	360.000000
10557.670116	359.000000
10562.822404	359.000000
10567.989550	358.000000
10573.124705	357.000000
10578.279048	356.000000
10583.431154	355.000000
10588.565586	355.000000
10593.717690	354.000000
10598.870315	353.000000
10604.005652	352.000000
10609.156878	351.000000
10614.310514	351.000000
10619.444545	350.000000
10624.613239	349.000000
10629.764512	348.000000
10634.918093	347.000000
10640.068722	347.000000
10645.222602	346.000000
10650.374353	345.000000
10655.526331	344.000000
10660.677593	344.000000
10665.812956	343.000000
10670.965416	342.000000
10676.118569	341.000000
10681.252842	340.000000
10686.404714	340.000000
10691.557094	339.000000
10696.692982	338.000000
10701.861283	337.000000
10707.013172	336.000000
10712.164643	336.000000
10717.317040	335.000000
10722.453810	334.000000
10727.606044	333.000000
10732.756827	332.000000
10737.892782	332.000000
10743.045955	331.000000
10748.197821	330.000000
10753.364549	329.000000
10758.516960	328.000000
10763.652752	328.000000
10768.804971	327.000000
10773.959205	326.000000
10779.110245	325.000000
10784.260854	324.000000
10789.413161	324.000000
10794.566484	323.000000
10799.700494	322.000000
10804.853441	321.000000
10810.005544	320.000000
10815.142008	320.000000
10820.294527	319.000000
10825.445202	318.000000
10830.614475	317.000000
10835.766294	316.000000
10840.902386	316.000000
10846.052563	315.000000
10851.205179	314.000000
10856.359168	313.000000
10861.525901	312.000000
10866.661952	312.000000
10871.813347	311.000000
10876.966540	310.000000
10882.118397	309.000000
10887.253413	309.000000
10892.405559	308.000000
10897.541134	307.000000
10902.693824	306.000000
10907.860895	305.000000
10913.013939	305.000000
10918.149141	304.000000
10923.302464	303.000000
10928.452562	302.000000
10933.604653	301.000000
10938.740702	301.000000
10943.892913	300.000000
10949.031256	299.000000
10954.181047	298.000000
10959.333250	297.000000
10964.469390	297.000000
10969.621983	296.000000
10974.788887	295.000000
10979.942079	294.000000
10985.109293	293.000000
10990.262022	293.000000
10995.413382	292.000000
11000.549282	291.000000
11005.702172	290.000000
11010.853728	289.000000
11015.989050	289.000000
11021.142376	288.000000
11026.293321	287.000000
11031.428748	286.000000
11036.582637	286.000000
11041.719047	285.000000
11046.870381	284.000000
11052.036955	283.000000
11057.191306	282.000000
11062.356605	281.000000
11067.510547	281.000000
11072.661308	280.000000
11077.797820	279.000000
11082.949821	278.000000
11088.102550	278.000000
11093.253781	277.000000
11098.390655	276.000000
11103.541760	275.000000
11108.676547	274.000000
11113.828747	274.000000
11118.980719	273.000000
11124.117797	272.000000
11129.286565	271.000000
11134.436523	270.000000
11139.605648	270.000000
11144.759291	269.000000
11149.908861	268.000000
11155.063222	267.000000
11160.196911	266.000000
11165.350232	266.000000
11170.484967	265.000000
11175.637206	264.000000
11180.791106	263.000000
11185.925498	262.000000
11191.079317	262.000000
11196.230593	261.000000
11201.365391	260.000000
11206.518588	259.000000
11211.669042	258.000000
11216.806589	258.000000
11221.956803	257.000000
11227.110572	256.000000
11232.294249	255.000000
11237.445229	255.000000
11242.597384	254.000000
11247.749118	253.000000
11252.885446	252.000000
11258.037413	251.000000
11263.189064	251.000000
11268.358517	250.000000
11273.494059	250.000000
11278.644730	250.000000
11283.797539	250.000000
11288.934561	250.000000
11294.103334	250.000000
11299.253321	250.000000
11304.405466	250.000000
11309.557471	250.000000
11314.693850	250.000000
11319.845660	250.000000
11324.997153	250.000000
11330.135486	250.000000
11335.286553	250.000000
11340.436992	250.000000
11345.605684	250.000000
11350.757599	250.000000
11355.893456	250.000000
11361.045518	250.000000
11366.197159	250.000000
11371.350527	250.000000
11376.501637	250.000000
11381.654198	250.000000
11386.807252	250.000000
11391.942715	250.000000
11397.095474	250.000000
11402.245448	250.000000
11407.380919	250.000000
11412.533993	250.000000
11417.687390	250.000000
11422.853477	250.000000
11428.006018	250.000000
11433.141516	250.000000
11438.293769	250.000000
11443.446580	250.000000
11448.598888	250.000000
11453.750440	250.000000
11458.902839	250.000000
11464.053424	250.000000
11469.205682	250.000000
11474.358235	250.000000
11479.508989	250.000000
11484.661364	250.000000
11489.815566	250.000000
11494.949253	250.000000
11500.101593	250.000000
11505.253171	250.000000
11510.391293	250.000000
11515.542334	250.000000
11520.693517	250.000000
11525.846577	250.000000
11530.996893	250.000000
11536.149333	250.000000
11541.302874	250.000000
11546.453098	250.000000
11551.605860	250.000000
11556.758805	250.000000
11561.908750	250.000000
11567.062491	250.000000
11572.213669	250.000000
11577.350448	250.000000
11582.503518	250.000000
11587.654730	250.000000
11592.789415	250.000000
11597.942466	250.000000
11603.092935	250.000000
11608.231747	250.000000
11613.381528	250.000000
11618.517195	250.000000
11623.671705	250.000000
11628.853669	250.000000
11634.021562	250.000000
11639.158461	250.000000
11644.309583	250.000000
11649.462066	250.000000
11654.598876	250.000000
11659.749052	250.000000
11664.918563	250.000000
11670.069744	250.000000
11675.223764	250.000000
11680.358486	250.000000
11685.509466	250.000000
11690.661229	250.000000
11695.796913	250.000000
11700.950256	250.000000
11706.103722	250.000000
11711.255501	250.000000
11716.406490	250.000000
11721.557612	250.000000
11726.709370	250.000000
11731.845423	250.000000
11736.997077	250.000000
11742.149630	250.000000
11747.287702	250.000000
11752.439776	250.000000
11757.590393	250.000000
11762.758349	250.000000
11767.909317	250.000000
11773.079700	250.000000
11778.229607	250.000000
11783.398924	250.000000
11788.535397	250.000000
11793.686568	250.000000
11798.837130	250.000000
11803.975068	250.000000
11809.126884	250.000000
11814.278945	250.000000
11819.413679	250.000000
11824.565606	250.000000
11829.733668	250.000000
11834.885636	250.000000
11840.037674	250.000000
11845.174498	250.000000
11850.325133	250.000000
11855.478896	250.000000
11860.613693	250.000000
11865.766881	250.000000
11870.917761	250.000000
11876.053989	250.000000
11881.207355	250.000000
11886.358784	250.000000
11891.493435	250.000000
11896.646617	250.000000
11901.798892	250.000000
11906.935482	250.000000
11912.086948	250.000000
11917.239174	250.000000
11922.406571	250.000000
11927.541348	250.000000
11932.693743	250.000000
11937.847448	250.000000
11943.013109	250.000000
11948.166630	250.000000
11953.318184	250.000000
11958.452905	250.000000
11963.605730	250.000000
11968.743413	250.000000
11973.893764	250.000000
11979.045717	250.000000
11984.181618	250.000000
11989.333533	250.000000
11994.485603	250.000000
11999.638952	250.000000
12004.806872	250.000000
12009.974193	250.000000
12015.142477	250.000000
12020.293558	250.000000
12025.431817	250.000000
12030.583500	250.000000
12035.733572	250.000000
12040.869354	250.000000
12046.021770	250.000000
12051.174545	250.000000
12056.309529	250.000000
12061.462832	250.000000
12066.613409	250.000000
12071.749541	250.000000
12076.902501	250.000000
12082.053421	250.000000
12087.223884	250.000000
12092.373485	250.000000
12097.541871	250.000000
12102.693263	250.000000
12107.862234	250.000000
12113.031146	250.000000
12118.183774	250.000000
12123.318343	250.000000
12128.486320	250.000000
12133.637833	250.000000
12138.789495	250.000000
12143.943472	250.000000
12149.078260	250.000000
12154.246593	250.000000
12159.399838	250.000000
12164.551455	250.000000
12169.702272	250.000000
12174.837902	250.000000
12179.989969	250.000000
12185.142410	250.000000
12190.309596	250.000000
12195.447128	250.000000
12200.599055	250.000000
12205.749371	250.000000
12210.886965	250.000000
12216.038569	250.000000
12221.189020	250.000000
12226.325468	250.000000
12231.493671	250.000000
12236.647910	250.000000
12241.799386	250.000000
12246.950017	250.000000
12252.087669	250.000000
12257.238037	250.000000
12262.391321	250.000000
12267.526341	250.000000
12272.677220	250.000000
12277.829437	250.000000
12282.983471	250.000000
12288.150088	250.000000
12293.287665	250.000000
12298.438059	250.000000
12303.573829	250.000000
12308.741826	250.000000
12313.895107	250.000000
12319.046481	250.000000
12324.199010	250.000000
12329.335408	250.000000
12334.487501	250.000000
12339.637864	250.000000
12344.775915	250.000000
12349.926910	250.000000
12355.077806	250.000000
12360.230399	250.000000
12365.398077	250.000000
12370.536001	250.000000
12375.686924	250.000000
12380.837960	250.000000
12385.989669	250.000000
12391.127992	250.000000
12396.279173	250.000000
12401.447166	250.000000
12406.583212	250.000000
12411.734062	250.000000
12416.901376	250.000000
12422.053507	250.000000
12427.207131	250.000000
12432.375025	250.000000
12437.525742	250.000000
12442.662251	250.000000
12447.813500	250.000000
12452.965950	250.000000
12458.101997	250.000000
12463.255652	249.000000
12468.406515	248.000000
12473.543416	248.000000
12478.693685	247.000000
12483.846798	246.000000
12488.983704	246.000000
12494.135516	245.000000
12499.285948	244.000000
12504.421759	244.000000
12509.573961	243.000000
12514.725585	242.000000
12519.861580	242.000000
12525.016038	241.000000
12530.149922	240.000000
12535.301280	240.000000
12540.453533	239.000000
12545.591385	238.000000
12550.743531	238.000000
12555.911228	237.000000
12561.045912	236.000000
12566.183454	236.000000
12571.334027	235.000000
12576.501817	234.000000
12581.655962	234.000000
12586.821693	233.000000
12591.989231	232.000000
12597.141257	232.000000
12602.293395	231.000000
12607.462308	230.000000
12612.600080	230.000000
12617.750127	229.000000
12622.903485	228.000000
12628.037923	228.000000
12633.191251	227.000000
12638.343720	226.000000
12643.477652	226.000000
12648.632160	225.000000
12653.783241	224.000000
12658.951206	224.000000
12664.103524	223.000000
12669.237734	222.000000
12674.389942	222.000000
12679.543289	221.000000
12684.678121	220.000000
12689.832077	220.000000
12694.982174	219.000000
12700.118069	218.000000
12705.271409	218.000000
12710.423485	217.000000
12715.591353	216.000000
12720.725499	216.000000
12725.877575	215.000000
12731.031495	214.000000
12736.199865	214.000000
12741.349431	213.000000
12746.486993	212.000000
12751.637923	212.000000
12756.790901	211.000000
12761.925470	210.000000
12767.078164	210.000000
12772.230126	209.000000
12777.365673	208.000000
12782.518064	208.000000
12787.670216	207.000000
12792.807163	206.000000
12797.973904	206.000000
12803.125503	205.000000
12808.277813	204.000000
12813.430141	204.000000
12818.565491	203.000000
12823.734129	202.000000
12828.887385	202.000000
12834.037871	201.000000
12839.176061	200.000000
12844.326180	200.000000
12849.479514	199.000000
12854.615616	198.000000
12859.765489	198.000000
12864.919467	197.000000
12870.087496	196.000000
12875.240170	196.000000
12880.407182	195.000000
12885.573968	194.000000
12890.726279	194.000000
12895.879233	193.000000
12901.045636	192.000000
12906.183655	192.000000
12911.334144	191.000000
12916.487582	190.000000
12921.621597	190.000000
12926.774336	189.000000
12931.926913	188.000000
12937.062035	188.000000
12942.215726	187.000000
12947.366310	186.000000
12952.503536	186.000000
12957.654163	185.000000
12962.806505	185.000000
12967.943934	184.000000
12973.094375	183.000000
12978.247662	182.000000
12983.384021	182.000000
12988.534313	181.000000
12993.687368	180.000000
12998.824257	180.000000
13003.975699	179.000000
13009.126234	179.000000
13014.262409	178.000000
13019.413914	177.000000
13024.566882	177.000000
13029.719472	176.000000
13034.870769	175.000000
13040.022128	175.000000
13045.175928	174.000000
13050.310059	173.000000
13055.478110	173.000000
13060.630188	172.000000
13065.783609	171.000000
13070.935555	171.000000
13076.071418	170.000000
13081.222198	169.000000
13086.376211	169.000000
13091.511473	168.000000
13096.662088	167.000000
13101.815454	167.000000
13106.983861	166.000000
13112.135715	165.000000
13117.269786	165.000000
13122.423457	164.000000
13127.575452	163.000000
13132.725762	163.000000
13137.878319	162.000000
13143.032175	161.000000
13148.183646	161.000000
13153.319805	160.000000
13158.471507	159.000000
13163.623755	159.000000
13168.758178	158.000000
13173.910848	157.000000
13179.063560	157.000000
13184.215456	156.000000
13189.350001	155.000000
13194.502411	155.000000
13199.637591	154.000000
13204.790253	153.000000
13209.944366	153.000000
13215.078067	152.000000
13220.231749	151.000000
13225.399418	151.000000
13230.551211	150.000000
13235.717790	149.000000
13240.870124	149.000000
13246.006057	148.000000
13251.158060	147.000000
13256.311483	147.000000
13261.478049	146.000000
13266.631475	145.000000
13271.765614	145.000000
13276.919038	144.000000
13282.070565	143.000000
13287.223951	143.000000
13292.358365	142.000000
13297.509750	141.000000
13302.647077	141.000000
13307.798365	140.000000
13312.965806	139.000000
13318.117920	139.000000
13323.270389	138.000000
13328.405897	137.000000
13333.559095	137.000000
13338.710542	136.000000
13343.880274	135.000000
13349.046937	135.000000
13354.197857	134.000000
13359.333897	133.000000
13364.487011	133.000000
13369.637813	132.000000
13374.775714	131.000000
13379.927665	131.000000
13385.078281	130.000000
13390.215868	129.000000
13395.367763	129.000000
13400.518120	128.000000
13405.655865	127.000000
13410.807827	127.000000
13415.975725	126.000000
13421.125734	125.000000
13426.278085	125.000000
13431.446517	124.000000
13436.584196	123.000000
13441.733649	123.000000
13446.885923	122.000000
13452.021819	121.000000
13457.174623	121.000000
13462.326367	120.000000
13467.463899	119.000000
13472.615982	119.000000
13477.765882	118.000000
13482.936549	117.000000
13488.086977	117.000000
13493.254153	116.000000
13498.406561	115.000000
13503.574482	115.000000
13508.726389	114.000000
13513.864351	113.000000
13519.016414	113.000000
13524.167704	112.000000
13529.301894	111.000000
13534.455837	111.000000
13539.591711	110.000000
13544.742510	109.000000
13549.893871	109.000000
13555.032381	108.000000
13560.181856	107.000000
13565.334472	107.000000
13570.471638	106.000000
13575.623768	105.000000
13580.776012	105.000000
13585.911878	104.000000
13591.063657	103.000000
13596.214399	103.000000
13601.350038	102.000000
13606.503798	101.000000
13611.654396	101.000000
13616.790716	100.000000
13621.960082	99.000000
13627.110720	99.000000
13632.264216	98.000000
13637.414573	97.000000
13642.551781	97.000000
13647.719485	96.000000
13652.870577	95.000000
13658.022450	95.000000
13663.158534	94.000000
13668.311797	93.000000
13673.462153	93.000000
13678.598696	92.000000
13683.751770	91.000000
13688.902355	91.000000
13694.039531	90.000000
13699.207997	89.000000
13704.359326	89.000000
13709.511872	88.000000
13714.662503	87.000000
13719.798435	87.000000
13724.966681	86.000000
13730.117944	85.000000
13735.272582	85.000000
13740.422400	84.000000
13745.575720	84.000000
13750.710265	83.000000
13755.863903	82.000000
13761.016305	82.000000
13766.166038	81.000000
13771.319242	80.000000
13776.470274	79.000000
13781.606509	79.000000
13786.758472	78.000000
13791.911768	78.000000
13797.047874	77.000000
13802.216024	76.000000
13807.366765	76.000000
13812.518182	75.000000
13817.671808	74.000000
13822.806680	74.000000
13827.959617	73.000000
13833.111747	72.000000
13838.247333	72.000000
13843.399992	71.000000
13848.550086	70.000000
13853.702686	70.000000
13858.870491	69.000000
13864.039331	68.000000
13869.206532	68.000000
13874.359963	67.000000
13879.542516	66.000000
13884.694098	66.000000
13889.846979	65.000000
13894.999762	64.000000
13900.134800	64.000000
13905.286105	63.000000
13910.439592	62.000000
13915.607432	62.000000
13920.776377	61.000000
13925.926693	60.000000
13931.064650	60.000000
13936.215274	59.000000
13941.365990	58.000000
13946.503390	58.000000
13951.655947	57.000000
13956.807250	56.000000
13961.942355	56.000000
13967.094693	55.000000
13972.248674	54.000000
13977.399894	54.000000
13982.551947	53.000000
13987.702231	52.000000
13992.854799	52.000000
13998.005930	51.000000
14003.143896	50.000000
14008.296715	50.000000
14013.447951	49.000000
14018.599973	48.000000
14023.752524	48.000000
14028.902144	47.000000
14034.054333	46.000000
14039.206344	46.000000
14044.360089	45.000000
14049.494781	44.000000
14054.630264	44.000000
14059.783653	43.000000
14064.934589	42.000000
14070.103656	42.000000
14075.256392	41.000000
14080.392295	40.000000
14085.543719	40.000000
14090.694763	39.000000
14095.848108	38.000000
14101.000694	38.000000
14106.151469	37.000000
14111.302573	36.000000
14116.455471	36.000000
14121.606812	35.000000
14126.760029	34.000000
14131.896288	34.000000
14137.046794	33.000000
14142.198182	32.000000
14147.350316	32.000000
14152.504155	31.000000
14157.640133	30.000000
14162.790872	30.000000
14167.943090	29.000000
14173.096570	28.000000
14178.262508	28.000000
14183.398838	27.000000
14188.550645	26.000000
14193.702858	26.000000
14198.856117	25.000000
14203.990318	24.000000
14209.144080	24.000000
14214.294827	23.000000
14219.448176	22.000000
14224.599997	22.000000
14229.751426	21.000000
14234.902101	20.000000
14240.038911	20.000000
14245.190462	20.000000
14250.342566	20.000000
14255.512017	20.000000
14260.646703	20.000000
14265.800076	20.000000
14270.951497	20.000000
14276.088269	20.000000
14281.238241	20.000000
14286.391045	20.000000
14291.526878	20.000000
14296.678917	20.000000
14301.846866	20.000000
14307.014868	20.000000
14312.166805	20.000000
14317.318951	20.000000
14322.472233	20.000000
14327.606594	20.000000
14332.758798	20.000000
14337.912854	20.000000
14343.046506	20.000000
14348.199614	20.000000
14353.352108	20.000000
14358.486933	20.000000
14363.638064	20.000000
14368.776309	20.000000
14373.926888	20.000000
14379.096865	20.000000
14384.248147	20.000000
14389.400206	20.000000
14394.535938	20.000000
14399.686769	20.000000
14404.839891	20.000000
14409.990642	20.000000
14415.143731	20.000000
14420.294702	20.000000
14425.446669	20.000000
14430.600229	20.000000
14435.751397	20.000000
14440.903885	20.000000
14446.054714	20.000000
14451.208913	20.000000
14456.344040	20.000000
14461.494937	20.000000
14466.646619	20.000000
14471.799521	20.000000
14476.950718	20.000000
14482.104234	20.000000
14487.256940	20.000000
14492.407915	20.000000
14497.543551	20.000000
14502.694953	20.000000
14507.846442	20.000000
14512.984056	20.000000
14518.135761	20.000000
14523.286665	20.000000
14528.422606	20.000000
14533.590385	20.000000
14538.744212	20.000000
14543.894604	20.000000
14549.048265	20.000000
14554.183575	20.000000
14559.334794	20.000000
14564.470549	20.000000
14569.622431	20.000000
14574.776296	20.000000
14579.912075	20.000000
14585.064178	20.000000
14590.216443	20.000000
14595.366410	20.000000
14600.519910	20.000000
14605.670868	20.000000
14610.840175	20.000000
14615.991198	20.000000
14621.142953	20.000000
14626.296001	20.000000
14631.431652	20.000000
14636.584239	20.000000
14641.734682	20.000000
14646.887877	20.000000
14652.040301	20.000000
14657.191908	20.000000
14662.344577	20.000000
14667.480258	20.000000
14672.630605	20.000000
14677.784550	20.000000
14682.919057	20.000000
14688.086624	20.000000
14693.239057	20.000000
14698.392957	20.000000
14703.544494	20.000000
14708.678319	20.000000
14713.831925	20.000000
14718.984395	20.000000
14724.118508	20.000000
14729.271984	20.000000
14734.423163	20.000000
14739.591072	20.000000
14744.743671	20.000000
14749.896407	20.000000
14755.030247	20.000000
14760.183613	20.000000
14765.335815	20.000000
14770.488529	20.000000
14775.639236	20.000000
14780.791129	20.000000
14785.927709	20.000000
14791.080233	20.000000
14796.230597	20.000000
14801.368236	20.000000
14806.518722	20.000000
14811.670659	20.000000
14816.841033	20.000000
14821.990792	20.000000
14827.127165	20.000000
14832.280401	20.000000
14837.430891	20.000000
14842.582480	20.000000
14847.719013	20.000000
14852.870361	20.000000
14858.008158	20.000000
14863.159341	20.000000
14868.310394	20.000000
14873.447155	20.000000
14878.600464	20.000000
14883.767682	20.000000
14888.921154	20.000000
14894.087110	20.000000
14899.255340	20.000000
14904.408385	20.000000
14909.559060	20.000000
14914.694549	20.000000
14919.846920	20.000000
14924.999017	20.000000
14930.134519	20.000000
14935.287982	20.000000
14940.439812	20.000000
14945.591286	20.000000
14950.743288	20.000000
14955.894875	20.000000
14961.046597	20.000000
14966.183894	20.000000
14971.334677	20.000000
14976.486999	20.000000
14981.624096	20.000000
14986.776001	20.000000
14991.926677	20.000000
14997.081108	20.000000
15002.232131	20.000000
15007.369142	20.000000
15012.502590	20.000000
15017.655853	20.000000
15022.807302	20.000000
15027.959029	20.000000
15033.096379	20.000000
15038.264390	20.000000
15043.415306	20.000000
15048.584010	20.000000
15053.734622	20.000000
15058.888230	20.000000
15064.023324	20.000000
15069.175813	20.000000
15074.327024	20.000000
15079.463064	20.000000
15084.615136	20.000000
15089.753314	20.000000
15094.903150	20.000000
15100.055796	20.000000
15105.190871	20.000000
15110.343422	20.000000
15115.512495	20.000000
15120.662606	20.000000
15125.831285	20.000000
15130.983483	20.000000
15136.136414	20.000000
15141.272582	20.000000
15146.423036	20.000000
15151.576515	20.000000
15156.712622	20.000000
15161.864053	20.000000
15167.015368	20.000000
15172.151943	20.000000
15177.302803	20.000000
15182.455577	20.000000
15187.592708	20.000000
15192.759157	20.000000
15197.912521	20.000000
15203.079206	20.000000
15208.233292	20.000000
15213.384425	20.000000
15218.518818	20.000000
15223.670958	20.000000
15228.824451	20.000000
15233.959448	20.000000
15239.110789	20.000000
15244.263312	20.000000
15249.399056	20.000000
15254.551357	20.000000
15259.703238	20.000000
15264.839141	20.000000
15270.008506	20.000000
15275.160330	20.000000
15280.327909	20.000000
15285.479526	20.000000
15290.630871	20.000000
15295.784232	20.000000
15300.935499	20.000000
15306.088525	20.000000
15311.238657	20.000000
15316.392492	20.000000
15321.528574	20.000000
15326.680989	20.000000
15331.848682	20.000000
15337.000246	20.000000
15342.151472	20.000000
15347.287155	20.000000
15352.441286	20.000000
15357.591408	20.000000
15362.728326	20.000000
15367.880524	20.000000
15373.032732	20.000000
15378.166562	20.000000
15383.320581	20.000000
15388.456013	20.000000
15393.606842	20.000000
15398.760642	20.000000
15403.897328	20.000000
15409.046772	20.000000
15414.199485	20.000000
15419.335500	20.000000
15424.486607	20.000000
15429.640796	20.000000
15434.775428	20.000000
15439.926931	20.000000
15445.080249	20.000000
15450.262958	20.000000
15455.416058	20.000000
15460.568641	20.000000
15465.720109	20.000000
15470.870772	20.000000
15476.024455	20.000000
15481.175093	20.000000
15486.327319	20.000000
15491.462665	20.000000
15496.615738	20.000000
15501.767885	20.000000
15506.903195	20.000000
15512.071443	20.000000
15517.225604	20.000000
15522.377408	20.000000
15527.528113	20.000000
15532.663034	20.000000
15537.815581	20.000000
15542.968829	20.000000
15548.103497	20.000000
15553.255458	20.000000
15558.407974	20.000000
15563.575208	20.000000
15568.744687	20.000000
15573.896084	20.000000
15579.031120	20.000000
15584.184755	20.000000
15589.334922	20.000000
15594.472148	20.000000
15599.623977	20.000000
15604.775138	20.000000
15609.912592	20.000000
15615.063314	20.000000
15620.231277	20.000000
15625.385575	20.000000
15630.535980	20.000000
15635.673481	20.000000
15640.824556	20.000000
15645.975510	20.000000
15651.110818	20.000000
15656.263267	20.000000
15661.415576	20.000000
15666.567524	20.000000
15671.720622	20.000000
15676.871138	20.000000
15682.024586	20.000000
15687.159661	20.000000
15692.312701	20.000000
15697.463691	20.000000
15702.600123	20.000000
15707.752454	20.000000
15712.903566	20.000000
15718.071632	20.000000
15723.240371	20.000000
15728.392561	20.000000
15733.542756	20.000000
15738.680731	20.000000
15743.830949	20.000000
15748.983554	20.000000
15754.120815	20.000000
15759.271341	20.000000
15764.425512	20.000000
15769.559466	20.000000
15774.711522	20.000000
15779.864721	20.000000
15784.999513	20.000000
15790.152047	20.000000
15795.320689	20.000000
15800.487698	20.000000
15805.640596	20.000000
15810.793525	20.000000
15815.929101	20.000000
15821.079752	20.000000
15826.230933	20.000000
15831.367496	20.000000
15836.518781	20.000000
15841.671435	20.000000
15846.808544	20.000000
15851.959240	20.000000
15857.110789	20.000000
15862.248905	20.000000
15867.399652	20.000000
15872.568874	20.000000
15877.721487	20.000000
15882.873756	20.000000
15888.008788	20.000000
15893.160464	20.000000
15898.312449	20.000000
15903.446893	20.000000
15908.600479	20.000000
15913.735709	20.000000
15918.887205	20.000000
15924.039556	20.000000
15929.176444	20.000000
15934.329592	20.000000
15939.495265	20.000000
15944.646995	20.000000
15949.816678	20.000000
15954.985542	20.000000
15960.135610	20.000000
15965.286966	20.000000
15970.441104	20.000000
15975.576943	20.000000
15980.713573	20.000000
15985.864231	20.000000
15991.016786	20.000000
15996.168680	20.000000
16001.319211	20.000000
16006.471520	20.000000
16011.625145	20.000000
16016.775681	20.000000
16021.927587	20.000000
16027.063345	20.000000
16032.216113	20.000000
16037.368371	20.000000
16042.503314	20.000000
16047.656026	20.000000
16052.806914	20.000000
16057.943098	20.000000
16063.095246	20.000000
16068.247257	20.000000
16073.384536	20.000000
16078.536937	20.000000
16083.688287	20.000000
16088.825615	20.000000
16093.993548	20.000000
16099.143087	20.000000
16104.312337	20.000000
16109.465544	20.000000
16114.615735	20.000000
16119.751446	20.000000
16124.903696	20.000000
16130.055843	20.000000
16135.193743	20.000000
16140.343445	20.000000
16145.495404	20.000000
16150.647904	20.000000
16155.815835	20.000000
16160.983633	20.000000
16166.136966	20.000000
16171.273116	20.000000
16176.424253	20.000000
16181.560812	20.000000
16186.712946	20.000000
16191.864058	20.000000
16197.015658	20.000000
16202.153198	20.000000
16207.303537	20.000000
16212.439544	20.000000
16217.593796	20.000000
16222.743444	20.000000
16227.879485	20.000000
16233.031645	20.000000
16238.185092	20.000000
16243.321033	20.000000
16248.487046	20.000000
16253.639336	20.000000
16258.807222	20.000000
16263.975902	20.000000
16269.129079	20.000000
16274.280584	20.000000
16279.431176	20.000000
16284.567870	20.000000
16289.719483	20.000000
16294.872210	20.000000
16300.009829	20.000000
16305.160817	20.000000
16310.313848	20.000000
16315.449799	20.000000
16320.599241	20.000000
16325.752316	20.000000
16330.889138	20.000000
16336.056747	20.000000
16341.208483	20.000000
16346.359416	20.000000
16351.511761	20.000000
16356.647282	20.000000
16361.799979	20.000000
16366.953438	20.000000
16372.087916	20.000000
16377.240303	20.000000
16382.393083	20.000000
16387.560846	20.000000
16392.727982	20.000000
16397.879937	20.000000
16403.015693	20.000000
16408.167752	20.000000
16413.319066	20.000000
16418.457830	20.000000
16423.607665	20.000000
16428.759126	20.000000
16433.897944	20.000000
16439.049273	20.000000
16444.199282	20.000000
16449.367290	20.000000
16454.519594	20.000000
16459.656749	20.000000
16464.809258	20.000000
16469.959321	20.000000
16475.095456	20.000000
16480.247185	20.000000
16485.383921	20.000000
16490.551898	20.000000
16495.705306	20.000000
16500.856390	20.000000
16506.009899	20.000000
16511.143886	20.000000
16516.297202	20.000000
16521.448094	20.000000
16526.583652	20.000000
16531.735757	20.000000
16536.887115	20.000000
16542.056761	20.000000
16547.223937	20.000000
16552.375610	20.000000
16557.528034	20.000000
16562.663909	20.000000
16567.815457	20.000000
16572.952132	20.000000
16578.103441	20.000000
16583.256251	20.000000
16588.393518	20.000000
16593.543801	20.000000
16598.697973	20.000000
16603.833682	20.000000
16608.983356	20.000000
16614.137173	20.000000
16619.303720	20.000000
16624.471915	20.000000
16629.623816	20.000000
16634.776089	20.000000
16639.927832	20.000000
16645.063401	20.000000
16650.216507	20.000000
16655.353125	20.000000
16660.505390	20.000000
16665.657118	20.000000
16670.792120	20.000000
16675.943581	20.000000
16681.080128	20.000000
16686.233577	20.000000
16691.383626	20.000000
16696.553191	20.000000
16701.720646	20.000000
16706.873595	20.000000
16712.026047	20.000000
16717.161982	20.000000
16722.311786	20.000000
16727.466017	20.000000
16732.601341	20.000000
16737.752046	20.000000
16742.905949	20.000000
16748.039553	20.000000
16753.193107	20.000000
16758.343505	20.000000
16763.481444	20.000000
16768.631221	20.000000
16773.800111	20.000000
16778.969501	20.000000
16784.119559	20.000000
16789.271594	20.000000
16794.408006	20.000000
16799.560941	20.000000
16804.729101	20.000000
16809.881376	20.000000
16815.031712	20.000000
16820.169465	20.000000
16825.320723	20.000000
16830.471585	20.000000
16835.610056	20.000000
16840.760586	20.000000
16845.913397	20.000000
16851.079948	20.000000
16856.216155	20.000000
16861.368112	20.000000
16866.521401	20.000000
16871.655715	20.000000
16876.793397	20.000000
16881.929413	20.000000
16887.079979	20.000000
16892.216141	20.000000
16897.368128	20.000000
16902.520711	20.000000
16907.656297	20.000000
16912.808913	20.000000
16917.975949	20.000000
16923.130118	20.000000
16928.295456	20.000000
16933.447308	20.000000
16938.599389	20.000000
16943.752878	20.000000
16948.905027	20.000000
16954.057549	20.000000
16959.208133	20.000000
16964.346184	20.000000
16969.497622	20.000000
16974.650209	20.000000
16979.799397	20.000000
16984.951747	20.000000
16990.103622	20.000000
16995.255447	20.000000
17000.409551	20.000000
17005.559640	20.000000
17010.698030	20.000000
17015.849218	20.000000
17020.985337	20.000000
17026.136154	20.000000
17031.287788	20.000000
17036.439789	20.000000
17041.593799	20.000000
17046.744203	20.000000
17051.896936	20.000000
17057.049141	20.000000
17062.184345	20.000000
17067.335729	20.000000
17072.473475	20.000000
17077.623906	20.000000
17082.793571	20.000000
17087.960331	20.000000
17093.111650	20.000000
17098.264280	20.000000
17103.417891	20.000000
17108.552742	20.000000
17113.704261	20.000000
17118.856755	20.000000
17123.994235	20.000000
17129.146086	20.000000
17134.296855	20.000000
17139.434070	20.000000
17144.583896	20.000000
17149.737654	20.000000
17154.888342	20.000000
17160.041465	20.000000
17165.193415	20.000000
17170.344354	20.000000
17175.497509	20.000000
17180.634263	20.000000
17185.784333	20.000000
17190.922288	20.000000
17196.072829	20.000000
17201.223958	20.000000
17206.361133	20.000000
17211.512245	20.000000
17216.665719	20.000000
17221.801288	20.000000
17226.968207	20.000000
17232.121133	20.000000
17237.287888	20.000000
17242.441454	20.000000
17247.592282	20.000000
17252.746289	20.000000
17257.879684	20.000000
17263.031658	20.000000
17268.168089	20.000000
17273.321304	20.000000
17278.472307	20.000000
17283.610262	20.000000
17288.759972	20.000000
17293.912163	20.000000
17299.047799	20.000000
17304.217586	20.000000
17309.368327	20.000000
17314.537054	20.000000
17319.688187	20.000000
17324.840953	20.000000
17329.992465	20.000000
17335.130234	20.000000
17340.281502	20.000000
17345.432337	20.000000
17350.569034	20.000000
17355.721537	20.000000
17360.856084	20.000000
17366.008994	20.000000
17371.159576	20.000000
17376.296133	20.000000
17381.447737	20.000000
17386.600381	20.000000
17391.735585	20.000000
17396.889635	20.000000
17402.040174	20.000000
17407.225189	20.000000
17412.376549	20.000000
17417.529766	20.000000
17422.681577	20.000000
17427.817707	20.000000
17432.968416	20.000000
17438.121604	20.000000
17443.288120	20.000000
17448.426413	20.000000
17453.559829	20.000000
17458.697505	20.000000
17463.849566	20.000000
17468.984403	20.000000
17474.137488	20.000000
17479.288491	20.000000
17484.472319	20.000000
17489.624465	20.000000
17494.775754	20.000000
17499.928360	20.000000
17505.064033	20.000000
17510.215670	20.000000
17515.369609	20.000000
17520.536437	20.000000
17525.689096	20.000000
17530.841445	20.000000
17535.992460	20.000000
17541.145412	20.000000
17546.297760	20.000000
17551.434462	20.000000
17556.584461	20.000000
17561.736413	20.000000
17566.904316	20.000000
17572.056267	20.000000
17577.194077	20.000000
17582.343968	20.000000
17587.497104	20.000000
17592.632576	20.000000
17597.784455	20.000000
17602.935713	20.000000
17608.072568	20.000000
17613.223991	20.000000
17618.376009	20.000000
17623.527851	20.000000
17628.680008	20.000000
17633.832088	20.000000
17638.984227	20.000000
17644.121887	20.000000
17649.274516	20.000000
17654.423750	20.000000
17659.561389	20.000000
17664.714522	20.000000
17669.865453	20.000000
17675.033720	20.000000
17680.202609	20.000000
17685.352048	20.000000
17690.505454	20.000000
17695.639784	20.000000
17700.793932	20.000000
17705.928353	20.000000
17711.080120	20.000000
17716.234494	20.000000
17721.367978	20.000000
17726.520208	20.000000
17731.672534	20.000000
17736.807952	20.000000
17741.959893	20.000000
17747.114377	20.000000
17752.281002	20.000000
17757.432395	20.000000
17762.567957	20.000000
17767.720618	20.000000
17772.872094	20.000000
17778.025733	20.000000
17783.176509	20.000000
17788.328412	20.000000
17793.481715	20.000000
17798.615979	20.000000
17803.768656	20.000000
17808.920204	20.000000
17814.058449	20.000000
17819.210259	20.000000
17824.361193	20.000000
17829.528511	20.000000
17834.698027	20.000000
17839.849348	20.000000
17845.002573	20.000000
17850.154024	20.000000
17855.304341	20.000000
17860.456561	20.000000
17865.607868	20.000000
17870.744617	20.000000
17875.897210	20.000000
17881.049463	20.000000
17886.184246	20.000000
17891.337792	20.000000
17896.489882	20.000000
17901.625741	20.000000
17906.778062	20.000000
17911.928298	20.000000
17917.066033	20.000000
17922.216059	20.000000
17927.368451	20.000000
17932.520378	20.000000
17937.655903	20.000000
17942.808236	20.000000
17947.944366	20.000000
17953.098658	20.000000
17958.250026	20.000000
17963.384484	20.000000
17968.536597	20.000000
17973.706564	20.000000
17978.857936	20.000000
17984.025414	20.000000
17989.177856	20.000000
17994.311981	20.000000
17999.465403	20.000000
18004.616065	20.000000
18009.769352	20.000000
18014.920668	20.000000
18020.072482	20.000000
18025.224486	20.000000
18030.377943	20.000000
18035.512619	20.000000
18040.665355	20.000000
18045.816295	20.000000
18050.967939	20.000000
18056.120314	20.000000
18061.273763	20.000000
18066.425986	20.000000
18071.559926	20.000000
18076.712569	20.000000
18081.865993	20.000000
18087.017907	20.000000
18092.169724	20.000000
18097.322051	20.000000
18102.474277	20.000000
18107.624440	20.000000
18112.761774	20.000000
18117.912081	20.000000
18123.065509	20.000000
18128.200280	20.000000
18133.352005	20.000000
18138.521472	20.000000
18143.672698	20.000000
18148.810023	20.000000
18153.960412	20.000000
18159.112800	20.000000
18164.265522	20.000000
18169.400813	20.000000
18174.552129	20.000000
18179.689518	20.000000
18184.839963	20.000000
18189.994209	20.000000
18195.130908	20.000000
18200.281702	20.000000
18205.449710	20.000000
18210.600534	20.000000
18215.767970	20.000000
18220.921655	20.000000
18226.072593	20.000000
18231.225025	20.000000
18236.377255	20.000000
18241.529960	20.000000
18246.681795	20.000000
18251.816962	20.000000
18256.969987	20.000000
18262.120498	20.000000
18267.256636	20.000000
18272.410081	20.000000
18277.560739	20.000000
18282.697453	20.000000
18287.850202	20.000000
18293.016618	20.000000
18298.170755	20.000000
18303.321545	20.000000
18308.457880	20.000000
18313.610310	20.000000
18318.761358	20.000000
18323.896645	20.000000
18329.048913	20.000000
18334.184847	20.000000
18339.337471	20.000000
18344.490732	20.000000
18349.624159	20.000000
18354.776130	20.000000
18359.946843	20.000000
18365.096639	20.000000
18370.266855	20.000000
18375.418858	20.000000
18380.568174	20.000000
18385.706438	20.000000
18390.856849	20.000000
18396.010100	20.000000
18401.161421	20.000000
18406.313771	20.000000
18411.465381	20.000000
18416.618084	20.000000
18421.769116	20.000000
18426.906768	20.000000
18432.056571	20.000000
18437.193458	20.000000
18442.346363	20.000000
18447.512960	20.000000
18452.665801	20.000000
18457.817548	20.000000
18462.968738	20.000000
18468.106277	20.000000
18473.256712	20.000000
18478.392438	20.000000
18483.546400	20.000000
18488.697444	20.000000
18493.834357	20.000000
18498.984657	20.000000
18504.138227	20.000000
18509.272416	20.000000
18514.441768	20.000000
18519.593605	20.000000
18524.761405	20.000000
18529.913002	20.000000
18535.066012	20.000000
18540.201694	20.000000
18545.352986	20.000000
18550.505371	20.000000
18555.642750	20.000000
18560.792504	20.000000
18565.944920	20.000000
18571.080572	20.000000
18576.233902	20.000000
18581.384528	20.000000
18586.521978	20.000000
18591.672408	20.000000
18596.824325	20.000000
18601.960579	20.000000
18607.114256	20.000000
18612.266986	20.000000
18617.448988	20.000000
18622.602130	20.000000
18627.754580	20.000000
18632.905545	20.000000
18638.056997	20.000000
18643.208226	20.000000
18648.362178	20.000000
18653.512766	20.000000
18658.650568	20.000000
18663.801086	20.000000
18668.953093	20.000000
18674.088525	20.000000
18679.256625	20.000000
18684.410946	20.000000
18689.561458	20.000000
18694.713427	20.000000
18699.848495	20.000000
18705.001073	20.000000
18710.137814	20.000000
18715.289712	20.000000
18720.441057	20.000000
18725.577021	20.000000
18730.729087	20.000000
18735.880346	20.000000
18741.017522	20.000000
18746.185090	20.000000
18751.338274	20.000000
18756.505041	20.000000
18761.658276	20.000000
18766.809096	20.000000
18771.960429	20.000000
18777.098215	20.000000
18782.249027	20.000000
18787.387086	20.000000
18792.538269	20.000000
18797.690170	20.000000
18802.859036	20.000000
18808.010301	20.000000
18813.160882	20.000000
18818.296944	20.000000
18823.448224	20.000000
18828.584830	20.000000
18833.753006	20.000000
18838.905969	20.000000
18844.056586	20.000000
18849.209893	20.000000
18854.347066	20.000000
18859.497096	20.000000
18864.650412	20.000000
18869.784673	20.000000
18874.936619	20.000000
18880.074420	20.000000
18885.225085	20.000000
18890.376997	20.000000
18895.514144	20.000000
18900.666444	20.000000
18905.816976	20.000000
18910.952781	20.000000
18916.104801	20.000000
18921.256910	20.000000
18926.424559	20.000000
18931.578342	20.000000
18936.712601	20.000000
18941.866985	20.000000
18947.016536	20.000000
18952.185572	20.000000
18957.338576	20.000000
18962.505141	20.000000
18967.640464	20.000000
18972.792720	20.000000
18977.944644	20.000000
18983.096417	20.000000
18988.248598	20.000000
18993.401998	20.000000
18998.553062	20.000000
19003.705681	20.000000
19008.840916	20.000000
19013.993845	20.000000
19019.144813	20.000000
19024.281178	20.000000
19029.433596	20.000000
19034.585151	20.000000
19039.753251	20.000000
19044.905638	20.000000
19050.057094	20.000000
19055.208936	20.000000
19060.362600	20.000000
19065.514457	20.000000
19070.650681	20.000000
19075.802037	20.000000
19080.953029	20.000000
19086.090458	20.000000
19091.240652	20.000000
19096.393361	20.000000
19101.528839	20.000000
19106.680631	20.000000
19111.834019	20.000000
19117.000703	20.000000
19122.152945	20.000000
19127.290239	20.000000
19132.440561	20.000000
19137.593272	20.000000
19142.746606	20.000000
19147.896783	20.000000
19153.049234	20.000000
19158.202525	20.000000
19163.337762	20.000000
19168.490034	20.000000
19173.641378	20.000000
19178.779177	20.000000
19183.929933	20.000000
19189.082122	20.000000
19194.248966	20.000000
19199.402035	20.000000
19204.537846	20.000000
19209.688995	20.000000
19214.842337	20.000000
19219.994264	20.000000
19225.146584	20.000000
19230.296966	20.000000
19235.450553	20.000000
19240.585338	20.000000
19245.736466	20.000000
19250.890002	20.000000
19256.026271	20.000000
19261.178090	20.000000
19266.331209	20.000000
19271.498136	20.000000
19276.648942	20.000000
19281.785309	20.000000
19286.937278	20.000000
19292.091213	20.000000
19297.243277	20.000000
19302.393726	20.000000
19307.545553	20.000000
19312.696841	20.000000
19317.849429	20.000000
19322.985411	20.000000
19328.137037	20.000000
19333.272744	20.000000
19338.425858	20.000000
19343.578337	20.000000
19348.744802	20.000000
19353.896894	20.000000
19359.049351	20.000000
19364.201311	20.000000
19369.353377	20.000000
19374.506546	20.000000
19379.657843	20.000000
19384.793270	20.000000
19389.944765	20.000000
19395.098582	20.000000
19400.233949	20.000000
19405.387280	20.000000
19410.537089	20.000000
19415.674053	20.000000
19420.825634	20.000000
19425.993423	20.000000
19431.146437	20.000000
19436.280677	20.000000
19441.434402	20.000000
19446.585385	20.000000
19451.736859	20.000000
19456.874553	20.000000
19462.024678	20.000000
19467.161251	20.000000
19472.313454	20.000000
19477.465981	20.000000
19482.601525	20.000000
19487.753434	20.000000
19492.920992	20.000000
19498.073778	20.000000
19503.240719	20.000000
19508.393480	20.000000
19513.530590	20.000000
19518.682173	20.000000
19523.834224	20.000000
19528.986495	20.000000
19534.138850	20.000000
19539.289345	20.000000
19544.443257	20.000000
19549.593936	20.000000
19554.730693	20.000000
19559.882246	20.000000
19565.034725	20.000000
19570.169473	20.000000
19575.320901	20.000000
19580.489192	20.000000
19585.642585	20.000000
19590.793408	20.000000
19595.930285	20.000000
19601.081507	20.000000
19606.234187	20.000000
19611.385418	20.000000
19616.537932	20.000000
19621.689949	20.000000
19626.841442	20.000000
19631.978874	20.000000
19637.128870	20.000000
19642.282548	20.000000
19647.417328	20.000000
19652.570694	20.000000
19657.737464	20.000000
19662.890753	20.000000
19668.041899	20.000000
19673.178322	20.000000
19678.330899	20.000000
19683.481521	20.000000
19688.618757	20.000000
19693.770393	20.000000
19698.906765	20.000000
19704.057013	20.000000
19709.208758	20.000000
19714.360791	20.000000
19719.514430	20.000000
19724.667564	20.000000
19729.818054	20.000000
19734.986586	20.000000
19740.137243	20.000000
19745.289557	20.000000
19750.425378	20.000000
19755.578809	20.000000
19760.730272	20.000000
19765.865592	20.000000
19771.018292	20.000000
19776.171424	20.000000
19781.304965	20.000000
19786.458941	20.000000
19791.609548	20.000000
19796.746601	20.000000
19801.912907	20.000000
19807.067480	20.000000
19812.233992	20.000000
19817.385528	20.000000
19822.537047	20.000000
19827.673220	20.000000
19832.825623	20.000000
19837.979014	20.000000
19843.115616	20.000000
19848.265513	20.000000
19853.418595	20.000000
19858.553080	20.000000
19863.705566	20.000000
19868.856846	20.000000
19873.994193	20.000000
19879.160969	20.000000
19884.313687	20.000000
19889.481062	20.000000
19894.634165	20.000000
19899.786690	20.000000
19904.920999	20.000000
19910.073314	20.000000
19915.225288	20.000000
19920.362124	20.000000
19925.515508	20.000000
19930.666138	20.000000
19935.802099	20.000000
19940.953581	20.000000
19946.106537	20.000000
19951.241307	20.000000
19956.411557	20.000000
19961.562190	20.000000
19966.729067	20.000000
19971.881177	20.000000
19977.033084	20.000000
19982.187530	20.000000
19987.321049	20.000000
19992.473740	20.000000
19997.610360	20.000000
20002.762716	20.000000
20007.912973	20.000000
20013.049561	20.000000
20018.202401	20.000000
20023.353670	20.000000
20028.490375	20.000000
20033.658896	20.000000
20038.809398	20.000000
20043.978253	20.000000
20049.129022	20.000000
20054.281176	20.000000
20059.435583	20.000000
20064.570713	20.000000
20069.721576	20.000000
20074.858581	20.000000
20080.009744	20.000000
20085.161594	20.000000
20090.299654	20.000000
20095.450847	20.000000
20100.600918	20.000000
20105.737646	20.000000
20110.890864	20.000000
20116.042504	20.000000
20121.177773	20.000000
20126.331017	20.000000
20131.481753	20.000000
20136.666555	20.000000
20141.817655	20.000000
20146.969327	20.000000
20152.106329	20.000000
20157.259587	20.000000
20162.410556	20.000000
20167.547570	20.000000
20172.697628	20.000000
20177.850397	20.000000
20182.985326	20.000000
20188.153793	20.000000
20193.306736	20.000000
20198.474168	20.000000
20203.627110	20.000000
20208.779686	20.000000
20213.931158	20.000000
20219.065861	20.000000
20224.217762	20.000000
20229.370725	20.000000
20234.505059	20.000000
20239.656988	20.000000
20244.794952	20.000000
20249.930721	20.000000
20255.067599	20.000000
20260.218989	20.000000
20265.353185	20.000000
20270.505790	20.000000
20275.659058	20.000000
20280.794304	20.000000
20285.945326	20.000000
20291.097763	20.000000
20296.235179	20.000000
20301.387049	20.000000
20306.538661	20.000000
20311.673694	20.000000
20316.827812	20.000000
20321.978913	20.000000
20327.115124	20.000000
20332.265692	20.000000
20337.419431	20.000000
20342.570903	20.000000
20347.720933	20.000000
20352.875824	20.000000
20358.025543	20.000000
20363.161498	20.000000
20368.328938	20.000000
20373.481735	20.000000
20378.633864	20.000000
20383.787034	20.000000
20388.923035	20.000000
20394.075644	20.000000
20399.225851	20.000000
20404.377931	20.000000
20409.529236	20.000000
20414.681580	20.000000
20419.833732	20.000000
20424.985270	20.000000
20430.137851	20.000000
20435.291113	20.000000
20440.441840	20.000000
20445.593783	20.000000
20450.747922	20.000000
20455.881442	20.000000
20461.035047	20.000000
20466.169672	20.000000
20471.321615	20.000000
20476.473944	20.000000
20481.625852	20.000000
20486.761637	20.000000
20491.913966	20.000000
20497.067246	20.000000
20502.217941	20.000000
20507.370856	20.000000
20512.521542	20.000000
20517.673463	20.000000
20522.843562	20.000000
20527.977984	20.000000
20533.130587	20.000000
20538.281877	20.000000
20543.417852	20.000000
20548.569106	20.000000
20553.721448	20.000000
20558.874118	20.000000
20564.026497	20.000000
20569.177610	20.000000
20574.330647	20.000000
20579.481130	20.000000
20584.619008	20.000000
20589.771389	20.000000
20594.923382	20.000000
20600.073998	20.000000
20605.226054	20.000000
20610.377874	20.000000
20615.530962	20.000000
20620.683692	20.000000
20625.819773	20.000000
20630.971202	20.000000
20636.106141	20.000000
20641.258407	20.000000
20646.409557	20.000000
20651.562444	20.000000
20656.699857	20.000000
20661.849946	20.000000
20666.986943	20.000000
20672.139862	20.000000
20677.289346	20.000000
20682.425901	20.000000
20687.577970	20.000000
20692.747188	20.000000
20697.897445	20.000000
20703.065309	20.000000
20708.217907	20.000000
20713.370628	20.000000
20718.505956	20.000000
20723.658512	20.000000
20728.809894	20.000000
20733.962561	20.000000
20739.113942	20.000000
20744.267146	20.000000
20749.418870	20.000000
20754.569201	20.000000
20759.721922	20.000000
20764.875665	20.000000
20770.025954	20.000000
20775.178005	20.000000
20780.313442	20.000000
20785.465960	20.000000
20790.617870	20.000000
20795.769188	20.000000
20800.923609	20.000000
20806.073968	20.000000
20811.225947	20.000000
20816.363467	20.000000
20821.514172	20.000000
20826.666173	20.000000
20831.818114	20.000000
20836.969742	20.000000
20842.121561	20.000000
20847.275645	20.000000
20852.426093	20.000000
20857.561571	20.000000
20862.713848	20.000000
20867.865693	20.000000
20873.001616	20.000000
20878.155923	20.000000
20883.305469	20.000000
20888.457322	20.000000
20893.609419	20.000000
20898.761401	20.000000
20903.913528	20.000000
20909.066907	20.000000
20914.201528	20.000000
20919.354216	20.000000
20924.491565	20.000000
20929.643382	20.000000
20934.809442	20.000000
20939.962866	20.000000
20945.113488	20.000000
20950.251443	20.000000
20955.402081	20.000000
20960.554075	20.000000
20965.690094	20.000000
20970.843202	20.000000
20975.994302	20.000000
20981.129477	20.000000
20986.283784	20.000000
20991.433521	20.000000
20996.572121	20.000000
21001.724026	20.000000
21006.874188	20.000000
21012.009993	20.000000
21017.163560	20.000000
21022.315682	20.000000
21027.482205	20.000000
21032.619637	20.000000
21037.770137	20.000000
21042.924150	20.000000
21048.057478	20.000000
21053.209348	20.000000
21058.362247	20.000000
21063.498972	20.000000
21068.649434	20.000000
21073.801678	20.000000
21078.938224	20.000000
21084.091307	20.000000
21089.241519	20.000000
21094.377553	20.000000
21099.530786	20.000000
21104.683981	20.000000
21109.818929	20.000000
21114.969456	20.000000
21120.124184	20.000000
21125.260236	20.000000
21130.410991	20.000000
21135.564216	20.000000
21140.698194	20.000000
21145.849338	20.000000
21150.985970	20.000000
21156.156019	20.000000
21161.308326	20.000000
21166.457840	20.000000
21171.611615	20.000000
21176.747727	20.000000
21181.900288	20.000000
21187.051411	20.000000
21192.187210	20.000000
21197.338746	20.000000
21202.490231	20.000000
21207.658222	20.000000
21212.825618	20.000000
21217.978866	20.000000
21223.131454	20.000000
21228.266305	20.000000
21233.419488	20.000000
21238.554325	20.000000
21243.707628	20.000000
21248.858093	20.000000
21254.009646	20.000000
21259.146367	20.000000
21264.298939	20.000000
21269.450251	20.000000
21274.587420	20.000000
21279.737637	20.000000
21284.873648	20.000000
21290.025899	20.000000
21295.177752	20.000000
21300.314279	20.000000
21305.467514	20.000000
21310.618004	20.000000
21315.771627	20.000000
21320.921402	20.000000
21326.074262	20.000000
21331.227446	20.000000
21336.379501	20.000000
21341.515889	20.000000
21346.666094	20.000000
21351.834272	20.000000
21356.987131	20.000000
21362.154067	20.000000
21367.306944	20.000000
21372.442375	20.000000
21377.593669	20.000000
21382.746288	20.000000
21387.898365	20.000000
21393.035702	20.000000
21398.185605	20.000000
21403.322439	20.000000
21408.476208	20.000000
21413.627649	20.000000
21418.762507	20.000000
21423.913885	20.000000
21429.082294	20.000000
21434.235789	20.000000
21439.402333	20.000000
21444.554349	20.000000
21449.691622	20.000000
21454.841921	20.000000
21459.993683	20.000000
21465.146127	20.000000
21470.297876	20.000000
21475.449715	20.000000
21480.603586	20.000000
21485.755380	20.000000
21490.907206	20.000000
21496.043493	20.000000
21501.194352	20.000000
21506.331824	20.000000
21511.483733	20.000000
21516.651405	20.000000
21521.803607	20.000000
21526.939233	20.000000
21532.091097	20.000000
21537.244350	20.000000
21542.395625	20.000000
21547.546928	20.000000
21552.699625	20.000000
21557.850213	20.000000
21563.002174	20.000000
21568.156103	20.000000
21573.306408	20.000000
21578.458973	20.000000
21583.609582	20.000000
21588.764072	20.000000
21593.898995	20.000000
21599.050220	20.000000
21604.188487	20.000000
21609.337544	20.000000
21614.491003	20.000000
21619.644412	20.000000
21624.778212	20.000000
21629.930274	20.000000
21635.067328	20.000000
21640.218405	20.000000
21645.371370	20.000000
21650.522145	20.000000
21655.675931	20.000000
21660.827225	20.000000
21665.978333	20.000000
21671.146446	20.000000
21676.299136	20.000000
21681.450309	20.000000
21686.585677	20.000000
21691.740265	20.000000
21696.891784	20.000000
21702.027666	20.000000
21707.178419	20.000000
21712.315648	20.000000
21717.467864	20.000000
21722.619318	20.000000
21727.755669	20.000000
21732.906024	20.000000
21738.075501	20.000000
21743.226312	20.000000
21748.393779	20.000000
21753.547874	20.000000
21758.697829	20.000000
21763.833763	20.000000
21768.986924	20.000000
21774.139365	20.000000
21779.275551	20.000000
21784.427503	20.000000
21789.562540	20.000000
21794.715491	20.000000
21799.865789	20.000000
21805.002365	20.000000
21810.139810	20.000000
21815.289741	20.000000
21820.427749	20.000000
21825.563409	20.000000
21830.716101	20.000000
21835.866332	20.000000
21841.002570	20.000000
21846.155630	20.000000
21851.307610	20.000000
21856.459210	20.000000
21861.610338	20.000000
21866.764539	20.000000
21871.916006	20.000000
21877.066327	20.000000
21882.202268	20.000000
21887.356128	20.000000
21892.505888	20.000000
21897.642570	20.000000
21902.795979	20.000000
21907.947149	20.000000
21913.083692	20.000000
21918.235546	20.000000
21923.370531	20.000000
21928.524545	20.000000
21933.675589	20.000000
21938.810054	20.000000
21943.962582	20.000000
21949.115473	20.000000
21954.251692	20.000000
21959.403666	20.000000
21964.554219	20.000000
21969.689952	20.000000
21974.842746	20.000000
21979.994304	20.000000
21985.162382	20.000000
21990.315912	20.000000
21995.500355	20.000000
22000.652099	20.000000
22005.804197	20.000000
22010.940742	20.000000
22016.090202	20.000000
22021.243909	20.000000
22026.378396	20.000000
22031.531186	20.000000
22036.683788	20.000000
22041.818460	20.000000
